0 0 2 0 0.8
0 560 2 1.36379e-09 0.8
0 1120 2 7.63725e-10 0.8
0 1680 2 1.87779e-07 0.8
0 2240 2 1.04393e-07 0.8
0 2800 2 1.73424e-07 0.8
0 3360 2 1.73424e-07 0.8
0 3920 2 3.06878e-07 0.8
0 4480 2 1.57226e-09 0.8
0 5040 2 1.10026e-06 0.8
0 5600 2 6.14572e-07 0.8
0 6160 2 1.54447e-06 0.8
0 6720 2 1.47948e-06 0.8
0 7280 2 2.3631e-06 0.8
0 7840 2 2.3631e-06 0.8
0 8400 2 3.28282e-06 0.8
0 8960 2 3.28282e-06 0.8
0 9520 2 3.8741e-06 0.8
0 10080 2 3.8741e-06 0.8
0 10640 2 4.34682e-06 0.8
0 11200 2 4.34682e-06 0.8
0 11760 2 4.48324e-06 0.8
0 12320 2 4.48324e-06 0.8
0 12880 2 4.48324e-06 0.8
0 13440 2 4.12469e-06 0.8
0 14000 2 4.12469e-06 0.8
0 14560 2 3.24499e-06 0.8
0 15120 2 3.24499e-06 0.8
0 15680 2 2.02706e-06 0.8
0 16240 2 2.02706e-06 0.8
0 16800 2 1.1065e-06 0.8
0 17360 2 2.29246e-06 0.8
0 17920 2 1.77281e-07 0.8
0 18480 2 2.75896e-06 0.8
0 19040 2 1.7223e-06 0.8
0 19600 2 3.72881e-06 0.8
0 20160 2 3.72881e-06 0.8
0 20720 2 5.72972e-06 0.8
0 21280 2 5.72972e-06 0.8
0 21840 2 7.25859e-06 0.8
0 22400 2 7.25859e-06 0.8
0 22960 2 8.51525e-06 0.8
0 23520 2 8.51525e-06 0.8
0 24080 2 9.7311e-06 0.8
0 24640 2 9.7311e-06 0.8
0 25200 2 1.12035e-05 0.8
0 25760 2 1.12035e-05 0.8
0 26320 2 1.23709e-05 0.8
0 26880 2 1.23709e-05 0.8
0 27440 2 1.30902e-05 0.8
0 28000 2 1.30902e-05 0.8
0 28560 2 1.34148e-05 0.8
0 29120 2 1.34148e-05 0.8
0 29680 2 1.35245e-05 0.8
0 30240 2 1.35245e-05 0.8
0 30800 2 1.35916e-05 0.8
0 31360 2 1.35916e-05 0.8
0 31920 2 1.35916e-05 0.8
0 32480 2 1.33149e-05 0.8
0 33040 2 1.33149e-05 0.8
0 33600 2 1.25657e-05 0.8
0 34160 2 1.25657e-05 0.8
0 34720 2 1.10921e-05 0.8
0 35280 2 1.10921e-05 0.8
0 35840 2 1.02016e-05 0.8
0 36400 2 1.02016e-05 0.8
0 36960 2 9.88914e-06 0.8
0 37520 2 9.89063e-06 0.8
0 38080 2 9.89063e-06 0.8
0 38640 2 9.98591e-06 0.8
0 39200 2 9.98591e-06 0.8
0 39760 2 1.00171e-05 0.8
0 40320 2 1.00171e-05 0.8
0 40880 2 1.01616e-05 0.8
0 41440 2 1.01616e-05 0.8
0 42000 2 1.05612e-05 0.8
0 42560 2 1.05612e-05 0.8
0 43120 2 1.09522e-05 0.8
0 43680 2 1.09522e-05 0.8
0 44240 2 1.10114e-05 0.8
0 44800 2 1.10114e-05 0.8
0 45360 2 1.10114e-05 0.8
0 45920 2 1.03694e-05 0.8
0 46480 2 1.03694e-05 0.8
0 47040 2 8.50783e-06 0.8
0 47600 2 8.50783e-06 0.8
0 48160 2 7.27728e-06 0.8
0 48720 2 7.27728e-06 0.8
0 49280 2 6.51368e-06 0.8
0 49840 2 6.51368e-06 0.8
0 50400 2 6.02992e-06 0.8
0 50960 2 6.02992e-06 0.8
0 51520 2 5.45926e-06 0.8
0 52080 2 5.45926e-06 0.8
0 52640 2 5.09381e-06 0.8
0 53200 2 5.17502e-06 0.8
0 53760 2 5.17502e-06 0.8
0 54320 2 5.76469e-06 0.8
0 54880 2 5.76469e-06 0.8
0 55440 2 6.65596e-06 0.8
0 56000 2 6.65596e-06 0.8
0 56560 2 7.1923e-06 0.8
0 57120 2 7.1923e-06 0.8
0 57680 2 7.65525e-06 0.8
0 58240 2 7.65525e-06 0.8
0 58800 2 8.25107e-06 0.8
0 59360 2 8.25107e-06 0.8
0 59920 2 9.14594e-06 0.8
0 60480 2 9.14594e-06 0.8
0 61040 2 9.9463e-06 0.8
0 61600 2 9.9463e-06 0.8
0 62160 2 1.02746e-05 0.8
0 62720 2 1.02746e-05 0.8
0 63280 2 1.03116e-05 0.8
0 63840 2 1.03116e-05 0.8
0 64400 2 1.03116e-05 0.8
0 64960 2 1.02716e-05 0.8
0 65520 2 1.04372e-05 0.8
0 66080 2 1.04372e-05 0.8
0 66640 2 1.04372e-05 0.8
0 67200 2 1.02056e-05 0.8
0 67760 2 1.02056e-05 0.8
0 68320 2 9.38549e-06 0.8
0 68880 2 9.38549e-06 0.8
0 69440 2 8.08646e-06 0.8
0 70000 2 8.08646e-06 0.8
0 70560 2 6.62812e-06 0.8
0 71120 2 6.62812e-06 0.8
0 71680 2 5.45319e-06 0.8
0 72240 2 5.45319e-06 0.8
0 72800 2 4.19613e-06 0.8
0 73360 2 4.19613e-06 0.8
0 73920 2 2.7663e-06 0.8
0 74480 2 2.7663e-06 0.8
0 75040 2 1.23841e-06 0.8
0 75600 2 2.06459e-06 0.8
0 76160 2 8.22406e-08 0.8
0 76720 2 6.42587e-07 0.8
0 77280 2 2.77608e-07 0.8
0 77840 2 2.77608e-07 0.8
0 78400 2 2.31492e-07 0.8
0 78960 2 4.13378e-07 0.8
0 79520 2 0 0.8
1600 0 2 0 0.8
1600 560 2 2.26601e-07 0.8
1600 1120 2 1.26897e-07 0.8
1600 1680 2 4.69684e-07 0.8
1600 2240 2 3.8992e-07 0.8
1600 2800 2 6.30798e-07 0.8
1600 3360 2 6.30798e-07 0.8
1600 3920 2 6.30798e-07 0.8
1600 4480 2 5.41701e-07 0.8
1600 5040 2 1.13322e-06 0.8
1600 5600 2 9.29029e-08 0.8
1600 6160 2 1.77223e-06 0.8
1600 6720 2 1.08535e-06 0.8
1600 7280 2 2.19964e-06 0.8
1600 7840 2 2.19964e-06 0.8
1600 8400 2 3.81511e-06 0.8
1600 8960 2 3.81511e-06 0.8
1600 9520 2 4.56757e-06 0.8
1600 10080 2 4.56757e-06 0.8
1600 10640 2 5.10982e-06 0.8
1600 11200 2 5.10982e-06 0.8
1600 11760 2 5.22512e-06 0.8
1600 12320 2 5.22512e-06 0.8
1600 12880 2 5.22512e-06 0.8
1600 13440 2 4.72045e-06 0.8
1600 14000 2 4.72045e-06 0.8
1600 14560 2 3.53189e-06 0.8
1600 15120 2 3.53189e-06 0.8
1600 15680 2 1.78309e-06 0.8
1600 16240 2 3.18408e-06 0.8
1600 16800 2 0 0.8
1600 22400 2 0 0.8
1600 22960 2 1.11022e-16 0.8
1600 34160 2 1.11022e-16 0.8
1600 34720 2 0 0.8
1600 45920 2 0 0.8
1600 46480 2 6.9658e-06 0.8
1600 47040 2 3.90085e-06 0.8
1600 47600 2 4.96295e-06 0.8
1600 48160 2 4.96295e-06 0.8
1600 48720 2 5.10123e-06 0.8
1600 49280 2 5.10123e-06 0.8
1600 49840 2 5.10123e-06 0.8
1600 50400 2 5.02286e-06 0.8
1600 50960 2 5.02286e-06 0.8
1600 51520 2 4.59084e-06 0.8
1600 52080 2 4.59084e-06 0.8
1600 52640 2 4.29435e-06 0.8
1600 53200 2 4.49012e-06 0.8
1600 53760 2 4.49012e-06 0.8
1600 54320 2 5.27391e-06 0.8
1600 54880 2 5.27391e-06 0.8
1600 55440 2 6.39819e-06 0.8
1600 56000 2 6.39819e-06 0.8
1600 56560 2 7.05049e-06 0.8
1600 57120 2 7.05049e-06 0.8
1600 57680 2 7.59555e-06 0.8
1600 58240 2 7.59555e-06 0.8
1600 58800 2 8.29615e-06 0.8
1600 59360 2 8.29615e-06 0.8
1600 59920 2 9.36799e-06 0.8
1600 60480 2 9.36799e-06 0.8
1600 61040 2 1.03405e-05 0.8
1600 61600 2 1.03405e-05 0.8
1600 62160 2 1.07577e-05 0.8
1600 62720 2 1.07577e-05 0.8
1600 63280 2 1.08487e-05 0.8
1600 63840 2 1.08487e-05 0.8
1600 64400 2 1.08841e-05 0.8
1600 64960 2 1.08841e-05 0.8
1600 65520 2 1.12313e-05 0.8
1600 66080 2 1.12313e-05 0.8
1600 66640 2 1.12313e-05 0.8
1600 67200 2 1.11058e-05 0.8
1600 67760 2 1.11058e-05 0.8
1600 68320 2 1.02597e-05 0.8
1600 68880 2 1.02597e-05 0.8
1600 69440 2 8.81088e-06 0.8
1600 70000 2 8.81088e-06 0.8
1600 70560 2 7.14005e-06 0.8
1600 71120 2 7.14005e-06 0.8
1600 71680 2 5.75584e-06 0.8
1600 72240 2 5.75584e-06 0.8
1600 72800 2 4.16928e-06 0.8
1600 73360 2 4.16928e-06 0.8
1600 73920 2 2.44724e-06 0.8
1600 74480 2 3.13784e-06 0.8
1600 75040 2 6.90054e-07 0.8
1600 75600 2 2.17825e-06 0.8
1600 76160 2 5.29764e-07 0.8
1600 76720 2 7.66536e-07 0.8
1600 77280 2 7.66536e-07 0.8
1600 77840 2 7.66536e-07 0.8
1600 78400 2 5.02878e-07 0.8
1600 78960 2 8.97996e-07 0.8
1600 79520 2 0 0.8
3200 0 2 0 0.8
3200 560 2 8.47901e-07 0.8
3200 1120 2 4.74825e-07 0.8
3200 1680 2 1.1118e-06 0.8
3200 2240 2 1.09743e-06 0.8
3200 2800 2 1.78342e-06 0.8
3200 3360 2 1.78342e-06 0.8
3200 3920 2 1.88493e-06 0.8
3200 4480 2 1.88493e-06 0.8
3200 5040 2 1.88493e-06 0.8
3200 5600 2 1.33554e-06 0.8
3200 6160 2 1.91885e-06 0.8
3200 6720 2 2.6098e-07 0.8
3200 7280 2 2.63666e-06 0.8
3200 7840 2 1.21555e-06 0.8
3200 8400 2 7.8174e-06 0.8
3200 8960 2 5.59329e-06 0.8
3200 9520 2 6.59217e-06 0.8
3200 10080 2 6.59217e-06 0.8
3200 10640 2 7.10452e-06 0.8
3200 11200 2 7.10452e-06 0.8
3200 11760 2 7.10452e-06 0.8
3200 12320 2 7.0376e-06 0.8
3200 12880 2 7.0376e-06 0.8
3200 13440 2 6.22117e-06 0.8
3200 14000 2 6.22117e-06 0.8
3200 14560 2 4.60325e-06 0.8
3200 15120 2 4.60325e-06 0.8
3200 15680 2 2.30642e-06 0.8
3200 16240 2 4.1186e-06 0.8
3200 16800 2 0 0.8
3200 22400 2 0 0.8
3200 22960 2 2.22045e-16 0.8
3200 34160 2 2.22045e-16 0.8
3200 34720 2 0 0.8
3200 45920 2 0 0.8
3200 46480 2 6.59855e-06 0.8
3200 47040 2 3.69519e-06 0.8
3200 47600 2 4.10621e-06 0.8
3200 48160 2 4.10621e-06 0.8
3200 48720 2 4.10621e-06 0.8
3200 49280 2 3.59014e-06 0.8
3200 49840 2 3.59014e-06 0.8
3200 50400 2 3.25277e-06 0.8
3200 50960 2 3.25277e-06 0.8
3200 51520 2 2.7621e-06 0.8
3200 52080 2 2.7621e-06 0.8
3200 52640 2 2.56518e-06 0.8
3200 53200 2 3.01335e-06 0.8
3200 53760 2 3.01335e-06 0.8
3200 54320 2 4.17149e-06 0.8
3200 54880 2 4.17149e-06 0.8
3200 55440 2 5.7235e-06 0.8
3200 56000 2 5.7235e-06 0.8
3200 56560 2 6.68694e-06 0.8
3200 57120 2 6.68694e-06 0.8
3200 57680 2 7.49701e-06 0.8
3200 58240 2 7.49701e-06 0.8
3200 58800 2 8.46765e-06 0.8
3200 59360 2 8.46765e-06 0.8
3200 59920 2 9.86102e-06 0.8
3200 60480 2 9.86102e-06 0.8
3200 61040 2 1.11473e-05 0.8
3200 61600 2 1.11473e-05 0.8
3200 62160 2 1.18099e-05 0.8
3200 62720 2 1.18099e-05 0.8
3200 63280 2 1.2122e-05 0.8
3200 63840 2 1.2122e-05 0.8
3200 64400 2 1.24017e-05 0.8
3200 64960 2 1.24017e-05 0.8
3200 65520 2 1.30829e-05 0.8
3200 66080 2 1.30829e-05 0.8
3200 66640 2 1.31907e-05 0.8
3200 67200 2 1.31907e-05 0.8
3200 67760 2 1.31907e-05 0.8
3200 68320 2 1.23956e-05 0.8
3200 68880 2 1.23956e-05 0.8
3200 69440 2 1.07738e-05 0.8
3200 70000 2 1.07738e-05 0.8
3200 70560 2 8.69259e-06 0.8
3200 71120 2 8.69259e-06 0.8
3200 71680 2 6.62632e-06 0.8
3200 72240 2 6.62632e-06 0.8
3200 72800 2 3.90504e-06 0.8
3200 73360 2 4.41833e-06 0.8
3200 73920 2 1.43077e-06 0.8
3200 74480 2 3.83895e-06 0.8
3200 75040 2 7.1904e-07 0.8
3200 75600 2 2.199e-06 0.8
3200 76160 2 1.95048e-06 0.8
3200 76720 2 1.95048e-06 0.8
3200 77280 2 1.88952e-06 0.8
3200 77840 2 1.88952e-06 0.8
3200 78400 2 1.13803e-06 0.8
3200 78960 2 2.0322e-06 0.8
3200 79520 2 0 0.8
4800 0 2 0 0.8
4800 560 2 2.11746e-06 0.8
4800 1120 2 1.18578e-06 0.8
4800 1680 2 2.38392e-06 0.8
4800 2240 2 2.38392e-06 0.8
4800 2800 2 4.19062e-06 0.8
4800 3360 2 4.19062e-06 0.8
4800 3920 2 4.61079e-06 0.8
4800 4480 2 4.61079e-06 0.8
4800 5040 2 4.65509e-06 0.8
4800 5600 2 4.65509e-06 0.8
4800 6160 2 4.65509e-06 0.8
4800 6720 2 4.33329e-06 0.8
4800 7280 2 4.33329e-06 0.8
4800 7840 2 3.5165e-06 0.8
4800 8400 2 2.71803e-05 0.8
4800 8960 2 1.17045e-05 0.8
4800 9520 2 1.18443e-05 0.8
4800 10080 2 1.18443e-05 0.8
4800 10640 2 1.18443e-05 0.8
4800 11200 2 1.14035e-05 0.8
4800 11760 2 1.14035e-05 0.8
4800 12320 2 1.04691e-05 0.8
4800 12880 2 1.04691e-05 0.8
4800 13440 2 8.84822e-06 0.8
4800 14000 2 8.84822e-06 0.8
4800 14560 2 6.44773e-06 0.8
4800 15120 2 6.44773e-06 0.8
4800 15680 2 3.18202e-06 0.8
4800 16240 2 5.68219e-06 0.8
4800 16800 2 0 0.8
4800 22400 2 0 0.8
4800 22960 2 2.22045e-16 0.8
4800 34160 2 2.22045e-16 0.8
4800 34720 2 0 0.8
4800 45920 2 0 0.8
4800 46480 2 7.22799e-06 0.8
4800 47040 2 4.04767e-06 0.8
4800 47600 2 4.04767e-06 0.8
4800 48160 2 2.65644e-06 0.8
4800 48720 2 4.55186e-06 0.8
4800 49280 2 1.07397e-07 0.8
4800 49840 2 1.68368e-06 0.8
4800 50400 2 8.35461e-07 0.8
4800 50960 2 1.1387e-06 0.8
4800 51520 2 1.1387e-06 0.8
4800 52080 2 1.1387e-06 0.8
4800 52640 2 7.94783e-07 0.8
4800 53200 2 2.02417e-06 0.8
4800 53760 2 3.38751e-07 0.8
4800 54320 2 3.33284e-06 0.8
4800 54880 2 2.20514e-06 0.8
4800 55440 2 4.43737e-06 0.8
4800 56000 2 4.43737e-06 0.8
4800 56560 2 6.02006e-06 0.8
4800 57120 2 6.02006e-06 0.8
4800 57680 2 7.38162e-06 0.8
4800 58240 2 7.38162e-06 0.8
4800 58800 2 8.84266e-06 0.8
4800 59360 2 8.84266e-06 0.8
4800 59920 2 1.06704e-05 0.8
4800 60480 2 1.06704e-05 0.8
4800 61040 2 1.23844e-05 0.8
4800 61600 2 1.23844e-05 0.8
4800 62160 2 1.35158e-05 0.8
4800 62720 2 1.35158e-05 0.8
4800 63280 2 1.43372e-05 0.8
4800 63840 2 1.43372e-05 0.8
4800 64400 2 1.51623e-05 0.8
4800 64960 2 1.51623e-05 0.8
4800 65520 2 1.63955e-05 0.8
4800 66080 2 1.63955e-05 0.8
4800 66640 2 1.70209e-05 0.8
4800 67200 2 1.70209e-05 0.8
4800 67760 2 1.70209e-05 0.8
4800 68320 2 1.66262e-05 0.8
4800 68880 2 1.66262e-05 0.8
4800 69440 2 1.51109e-05 0.8
4800 70000 2 1.51109e-05 0.8
4800 70560 2 1.25449e-05 0.8
4800 71120 2 1.25449e-05 0.8
4800 71680 2 8.85085e-06 0.8
4800 72240 2 1.10807e-05 0.8
4800 72800 2 2.64567e-06 0.8
4800 73360 2 7.33377e-06 0.8
4800 73920 2 1.46124e-06 0.8
4800 74480 2 4.54519e-06 0.8
4800 75040 2 4.00655e-06 0.8
4800 75600 2 4.87263e-06 0.8
4800 76160 2 4.87263e-06 0.8
4800 76720 2 4.87263e-06 0.8
4800 77280 2 4.09947e-06 0.8
4800 77840 2 4.09947e-06 0.8
4800 78400 2 2.3777e-06 0.8
4800 78960 2 4.24589e-06 0.8
4800 79520 2 0 0.8
6400 0 2 0 0.8
6400 560 2 2.48771e-06 0.8
6400 1120 2 1.39312e-06 0.8
6400 1680 2 1.39312e-06 0.8
6400 2240 2 7.10115e-07 0.8
6400 2800 2 1.26806e-06 0.8
6400 8400 2 1.11022e-16 0.8
6400 8960 2 0 0.8
6400 14560 2 0 0.8
6400 15120 2 1.84837e-06 0.8
6400 15680 2 1.03509e-06 0.8
6400 16240 2 1.84837e-06 0.8
6400 16800 2 0 0.8
6400 22400 2 0 0.8
6400 22960 2 2.22045e-16 0.8
6400 34160 2 1.11022e-16 0.8
6400 34720 2 0 0.8
6400 45920 2 0 0.8
6400 46480 2 1.06064e-05 0.8
6400 47040 2 5.93961e-06 0.8
6400 47600 2 1.19518e-05 0.8
6400 48160 2 7.53378e-07 0.8
6400 48720 2 1.50367e-05 0.8
6400 49280 2 9.17393e-06 0.8
6400 49840 2 1.04843e-05 0.8
6400 50400 2 1.04843e-05 0.8
6400 50960 2 1.04843e-05 0.8
6400 51520 2 9.33882e-06 0.8
6400 52080 2 9.33882e-06 0.8
6400 52640 2 7.19089e-06 0.8
6400 53200 2 7.19089e-06 0.8
6400 53760 2 4.31768e-06 0.8
6400 54320 2 6.07046e-06 0.8
6400 54880 2 9.18222e-07 0.8
6400 55440 2 6.29655e-06 0.8
6400 56000 2 2.60785e-06 0.8
6400 56560 2 5.13773e-06 0.8
6400 57120 2 5.13773e-06 0.8
6400 57680 2 7.2452e-06 0.8
6400 58240 2 7.2452e-06 0.8
6400 58800 2 9.34996e-06 0.8
6400 59360 2 9.34996e-06 0.8
6400 59920 2 1.18018e-05 0.8
6400 60480 2 1.18018e-05 0.8
6400 61040 2 1.41375e-05 0.8
6400 61600 2 1.41375e-05 0.8
6400 62160 2 1.59042e-05 0.8
6400 62720 2 1.59042e-05 0.8
6400 63280 2 1.74525e-05 0.8
6400 63840 2 1.74525e-05 0.8
6400 64400 2 1.91858e-05 0.8
6400 64960 2 1.91858e-05 0.8
6400 65520 2 2.16363e-05 0.8
6400 66080 2 2.16363e-05 0.8
6400 66640 2 2.36378e-05 0.8
6400 67200 2 2.36378e-05 0.8
6400 67760 2 2.46646e-05 0.8
6400 68320 2 2.46646e-05 0.8
6400 68880 2 2.46646e-05 0.8
6400 69440 2 2.43091e-05 0.8
6400 70000 2 2.43091e-05 0.8
6400 70560 2 2.18833e-05 0.8
6400 71120 2 2.18833e-05 0.8
6400 71680 2 1.51505e-05 0.8
6400 72240 2 3.11614e-05 0.8
6400 72800 2 2.29986e-06 0.8
6400 73360 2 1.31739e-05 0.8
6400 73920 2 9.67725e-06 0.8
6400 74480 2 1.20073e-05 0.8
6400 75040 2 1.20073e-05 0.8
6400 75600 2 1.20073e-05 0.8
6400 76160 2 1.12393e-05 0.8
6400 76720 2 1.12393e-05 0.8
6400 77280 2 8.50545e-06 0.8
6400 77840 2 8.50545e-06 0.8
6400 78400 2 4.68915e-06 0.8
6400 78960 2 8.37348e-06 0.8
6400 79520 2 0 0.8
8000 1680 2 4.01644e-06 0.8
8000 2240 2 2.24921e-06 0.8
8000 2800 2 4.01644e-06 0.8
8000 8400 2 1.11022e-16 0.8
8000 8960 2 0 0.8
8000 14560 2 0 0.8
8000 15120 2 2.16546e-06 0.8
8000 15680 2 1.21266e-06 0.8
8000 16240 2 2.16546e-06 0.8
8000 16800 2 0 0.8
8000 22400 2 0 0.8
8000 22960 2 1.11022e-16 0.8
8000 34160 2 2.22045e-16 0.8
8000 34720 2 0 0.8
8000 45920 2 0 0.8
8000 46480 2 2.67977e-05 0.8
8000 47040 2 1.50067e-05 0.8
8000 47600 2 4.33141e-05 0.8
8000 48160 2 9.24918e-06 0.8
8000 48720 2 4.98015e-05 0.8
8000 49280 2 3.7138e-05 0.8
8000 49840 2 3.7138e-05 0.8
8000 50400 2 3.57265e-05 0.8
8000 50960 2 3.57265e-05 0.8
8000 51520 2 2.76904e-05 0.8
8000 52080 2 2.76904e-05 0.8
8000 52640 2 1.9496e-05 0.8
8000 53200 2 1.9496e-05 0.8
8000 53760 2 1.21146e-05 0.8
8000 54320 2 1.21146e-05 0.8
8000 54880 2 5.52349e-06 0.8
8000 55440 2 1.02841e-05 0.8
8000 56000 2 2.35633e-07 0.8
8000 56560 2 7.0103e-06 0.8
8000 57120 2 4.1614e-06 0.8
8000 57680 2 7.226e-06 0.8
8000 58240 2 7.226e-06 0.8
8000 58800 2 1.00892e-05 0.8
8000 59360 2 1.00892e-05 0.8
8000 59920 2 1.32757e-05 0.8
8000 60480 2 1.32757e-05 0.8
8000 61040 2 1.6357e-05 0.8
8000 61600 2 1.6357e-05 0.8
8000 62160 2 1.89151e-05 0.8
8000 62720 2 1.89151e-05 0.8
8000 63280 2 2.14804e-05 0.8
8000 63840 2 2.14804e-05 0.8
8000 64400 2 2.47063e-05 0.8
8000 64960 2 2.47063e-05 0.8
8000 65520 2 2.95403e-05 0.8
8000 66080 2 2.95403e-05 0.8
8000 66640 2 3.48983e-05 0.8
8000 67200 2 3.48983e-05 0.8
8000 67760 2 4.05019e-05 0.8
8000 68320 2 4.05019e-05 0.8
8000 68880 2 4.57717e-05 0.8
8000 69440 2 4.57717e-05 0.8
8000 70000 2 4.81299e-05 0.8
8000 70560 2 4.81299e-05 0.8
8000 71120 2 4.81299e-05 0.8
8000 71680 2 3.67949e-05 0.8
8000 72240 2 0.000105302 0.8
8000 72800 2 2.2174e-05 0.8
8000 73360 2 3.47714e-05 0.8
8000 73920 2 3.47714e-05 0.8
8000 74480 2 3.47714e-05 0.8
8000 75040 2 3.22371e-05 0.8
8000 75600 2 3.22371e-05 0.8
8000 76160 2 2.50777e-05 0.8
8000 76720 2 2.50777e-05 0.8
8000 77280 2 1.70211e-05 0.8
8000 77840 2 1.70211e-05 0.8
8000 78400 2 8.80207e-06 0.8
8000 78960 2 1.5718e-05 0.8
8000 79520 2 0 0.8
9600 8400 2 0.0025 0.8
9600 8960 2 0 0.8
9600 14560 2 0 0.8
9600 15120 2 2.67148e-06 0.8
9600 15680 2 1.49603e-06 0.8
9600 16240 2 2.67148e-06 0.8
9600 16800 2 0 0.8
9600 22400 2 0 0.8
9600 22960 2 1.11022e-16 0.8
9600 34160 2 0.0108378 0.8
9600 34720 2 0 0.8
9600 45920 2 0 0.8
9600 46480 2 0.000759201 0.8
9600 47040 2 0.000425153 0.8
9600 47600 2 0.00123333 0.8
9600 48160 2 0.0549957 0.8
9600 48720 2 0.00121752 0.8
9600 49280 2 0.000560809 0.8
9600 49840 2 0.000560809 0.8
9600 50400 2 0.000264345 0.8
9600 50960 2 0.000264345 0.8
9600 51520 2 0.000128394 0.8
9600 52080 2 0.000128394 0.8
9600 52640 2 6.43266e-05 0.8
9600 53200 2 6.43266e-05 0.8
9600 53760 2 3.21685e-05 0.8
9600 54320 2 3.21685e-05 0.8
9600 54880 2 1.43455e-05 0.8
9600 55440 2 1.97023e-05 0.8
9600 56000 2 3.31221e-06 0.8
9600 56560 2 1.15282e-05 0.8
9600 57120 2 3.14358e-06 0.8
9600 57680 2 7.85174e-06 0.8
9600 58240 2 7.54055e-06 0.8
9600 58800 2 1.12374e-05 0.8
9600 59360 2 1.12374e-05 0.8
9600 59920 2 1.5111e-05 0.8
9600 60480 2 1.5111e-05 0.8
9600 61040 2 1.89216e-05 0.8
9600 61600 2 1.89216e-05 0.8
9600 62160 2 2.24586e-05 0.8
9600 62720 2 2.24586e-05 0.8
9600 63280 2 2.66808e-05 0.8
9600 63840 2 2.66808e-05 0.8
9600 64400 2 3.31369e-05 0.8
9600 64960 2 3.31369e-05 0.8
9600 65520 2 4.47932e-05 0.8
9600 66080 2 4.47932e-05 0.8
9600 66640 2 6.48513e-05 0.8
9600 67200 2 6.48513e-05 0.8
9600 67760 2 0.000103192 0.8
9600 68320 2 0.000103192 0.8
9600 68880 2 0.000182851 0.8
9600 69440 2 0.000182851 0.8
9600 70000 2 0.000356495 0.8
9600 70560 2 0.000356495 0.8
9600 71120 2 0.00074208 0.8
9600 71680 2 0.00074208 0.8
9600 72240 2 0.0883157 0.8
9600 72800 2 0.000725664 0.8
9600 73360 2 0.000725664 0.8
9600 73920 2 0.000341816 0.8
9600 74480 2 0.000341816 0.8
9600 75040 2 0.000167832 0.8
9600 75600 2 0.000167832 0.8
9600 76160 2 8.54941e-05 0.8
9600 76720 2 8.54941e-05 0.8
9600 77280 2 4.37638e-05 0.8
9600 77840 2 4.39807e-05 0.8
9600 78400 2 1.91346e-05 0.8
9600 78960 2 3.4169e-05 0.8
9600 79520 2 0 0.8
11200 16240 2 2.22045e-16 0.8
11200 16800 2 0 0.8
11200 22400 2 0 0.8
11200 22960 2 1.11022e-16 0.8
11200 34160 2 1.11022e-16 0.8
11200 34720 2 0 0.8
11200 45920 2 0 0.8
11200 46480 2 2.73216e-05 0.8
11200 47040 2 1.53001e-05 0.8
11200 47600 2 4.33427e-05 0.8
11200 48160 2 8.9718e-06 0.8
11200 48720 2 4.91455e-05 0.8
11200 49280 2 3.64933e-05 0.8
11200 49840 2 3.64933e-05 0.8
11200 50400 2 3.49159e-05 0.8
11200 50960 2 3.49159e-05 0.8
11200 51520 2 2.67898e-05 0.8
11200 52080 2 2.67898e-05 0.8
11200 52640 2 1.84748e-05 0.8
11200 53200 2 1.84748e-05 0.8
11200 53760 2 1.08572e-05 0.8
11200 54320 2 1.24315e-05 0.8
11200 54880 2 3.89557e-06 0.8
11200 55440 2 1.11222e-05 0.8
11200 56000 2 2.33287e-06 0.8
11200 56560 2 7.70452e-06 0.8
11200 57120 2 6.64741e-06 0.8
11200 57680 2 1.01042e-05 0.8
11200 58240 2 1.01042e-05 0.8
11200 58800 2 1.34184e-05 0.8
11200 59360 2 1.34184e-05 0.8
11200 59920 2 1.71642e-05 0.8
11200 60480 2 1.71642e-05 0.8
11200 61040 2 2.08389e-05 0.8
11200 61600 2 2.08389e-05 0.8
11200 62160 2 2.39399e-05 0.8
11200 62720 2 2.39399e-05 0.8
11200 63280 2 2.70272e-05 0.8
11200 63840 2 2.70272e-05 0.8
11200 64400 2 3.07775e-05 0.8
11200 64960 2 3.07775e-05 0.8
11200 65520 2 3.61707e-05 0.8
11200 66080 2 3.61707e-05 0.8
11200 66640 2 4.17854e-05 0.8
11200 67200 2 4.17854e-05 0.8
11200 67760 2 4.71748e-05 0.8
11200 68320 2 4.71748e-05 0.8
11200 68880 2 5.16449e-05 0.8
11200 69440 2 5.16449e-05 0.8
11200 70000 2 5.25839e-05 0.8
11200 70560 2 5.25839e-05 0.8
11200 71120 2 5.25839e-05 0.8
11200 71680 2 3.93061e-05 0.8
11200 72240 2 0.000109153 0.8
11200 72800 2 2.18196e-05 0.8
11200 73360 2 3.63869e-05 0.8
11200 73920 2 3.63869e-05 0.8
11200 74480 2 3.63869e-05 0.8
11200 75040 2 3.51335e-05 0.8
11200 75600 2 3.51335e-05 0.8
11200 76160 2 2.83133e-05 0.8
11200 76720 2 2.83133e-05 0.8
11200 77280 2 1.97458e-05 0.8
11200 77840 2 1.97458e-05 0.8
11200 78400 2 1.04262e-05 0.8
11200 78960 2 1.86182e-05 0.8
11200 79520 2 0 0.8
12800 47600 2 6.0669e-06 0.8
12800 48160 2 3.39746e-06 0.8
12800 48720 2 1.15681e-05 0.8
12800 49280 2 9.87558e-06 0.8
12800 49840 2 9.91323e-06 0.8
12800 50400 2 9.91323e-06 0.8
12800 50960 2 9.91323e-06 0.8
12800 51520 2 8.12452e-06 0.8
12800 52080 2 8.12452e-06 0.8
12800 52640 2 5.52893e-06 0.8
12800 53200 2 6.16685e-06 0.8
12800 53760 2 2.07549e-06 0.8
12800 54320 2 7.5785e-06 0.8
12800 54880 2 2.16847e-06 0.8
12800 55440 2 8.15117e-06 0.8
12800 56000 2 6.73312e-06 0.8
12800 56560 2 1.00171e-05 0.8
12800 57120 2 1.00171e-05 0.8
12800 57680 2 1.28619e-05 0.8
12800 58240 2 1.28619e-05 0.8
12800 58800 2 1.58599e-05 0.8
12800 59360 2 1.58599e-05 0.8
12800 59920 2 1.95207e-05 0.8
12800 60480 2 1.95207e-05 0.8
12800 61040 2 2.31595e-05 0.8
12800 61600 2 2.31595e-05 0.8
12800 62160 2 2.60824e-05 0.8
12800 62720 2 2.60824e-05 0.8
12800 63280 2 2.87713e-05 0.8
12800 63840 2 2.87713e-05 0.8
12800 64400 2 3.17611e-05 0.8
12800 64960 2 3.17611e-05 0.8
12800 65520 2 3.57939e-05 0.8
12800 66080 2 3.57939e-05 0.8
12800 66640 2 3.88438e-05 0.8
12800 67200 2 3.88438e-05 0.8
12800 67760 2 3.99875e-05 0.8
12800 68320 2 3.99875e-05 0.8
12800 68880 2 3.99875e-05 0.8
12800 69440 2 3.85258e-05 0.8
12800 70000 2 3.85258e-05 0.8
12800 70560 2 3.35043e-05 0.8
12800 71120 2 3.35043e-05 0.8
12800 71680 2 2.21745e-05 0.8
12800 72240 2 4.58315e-05 0.8
12800 72800 2 3.49119e-06 0.8
12800 73360 2 2.18382e-05 0.8
12800 73920 2 1.57206e-05 0.8
12800 74480 2 2.04095e-05 0.8
12800 75040 2 2.04095e-05 0.8
12800 75600 2 2.04095e-05 0.8
12800 76160 2 1.97274e-05 0.8
12800 76720 2 1.97274e-05 0.8
12800 77280 2 1.52561e-05 0.8
12800 77840 2 1.52561e-05 0.8
12800 78400 2 8.55896e-06 0.8
12800 78960 2 1.52839e-05 0.8
12800 79520 2 0 0.8
14400 8400 2 1.11022e-16 0.8
14400 8960 2 0 0.8
14400 14560 2 0 0.8
14400 15120 2 2.26344e-06 0.8
14400 15680 2 1.26752e-06 0.8
14400 16240 2 2.26344e-06 0.8
14400 16800 2 0 0.8
14400 22400 2 0 0.8
14400 22960 2 1.11022e-16 0.8
14400 34160 2 1.11022e-16 0.8
14400 34720 2 0 0.8
14400 45920 2 0 0.8
14400 46480 2 6.44053e-06 0.8
14400 47040 2 3.6067e-06 0.8
14400 47600 2 3.6067e-06 0.8
14400 48160 2 1.98584e-06 0.8
14400 48720 2 3.45303e-06 0.8
14400 49280 2 5.21398e-08 0.8
14400 49840 2 6.14892e-08 0.8
14400 50400 2 6.14892e-08 0.8
14400 50960 2 6.30588e-07 0.8
14400 51520 2 4.14618e-07 0.8
14400 52080 2 1.71027e-06 0.8
14400 52640 2 1.37237e-06 0.8
14400 53200 2 3.564e-06 0.8
14400 53760 2 3.36821e-06 0.8
14400 54320 2 6.46969e-06 0.8
14400 54880 2 6.46969e-06 0.8
14400 55440 2 1.02136e-05 0.8
14400 56000 2 1.02136e-05 0.8
14400 56560 2 1.29604e-05 0.8
14400 57120 2 1.29604e-05 0.8
14400 57680 2 1.54933e-05 0.8
14400 58240 2 1.54933e-05 0.8
14400 58800 2 1.83699e-05 0.8
14400 59360 2 1.83699e-05 0.8
14400 59920 2 2.20916e-05 0.8
14400 60480 2 2.20916e-05 0.8
14400 61040 2 2.59072e-05 0.8
14400 61600 2 2.59072e-05 0.8
14400 62160 2 2.90545e-05 0.8
14400 62720 2 2.90545e-05 0.8
14400 63280 2 3.20363e-05 0.8
14400 63840 2 3.20363e-05 0.8
14400 64400 2 3.54187e-05 0.8
14400 64960 2 3.54187e-05 0.8
14400 65520 2 4.00242e-05 0.8
14400 66080 2 4.00242e-05 0.8
14400 66640 2 4.36163e-05 0.8
14400 67200 2 4.36163e-05 0.8
14400 67760 2 4.5186e-05 0.8
14400 68320 2 4.5186e-05 0.8
14400 68880 2 4.5186e-05 0.8
14400 69440 2 4.391e-05 0.8
14400 70000 2 4.391e-05 0.8
14400 70560 2 3.85783e-05 0.8
14400 71120 2 3.85783e-05 0.8
14400 71680 2 2.56294e-05 0.8
14400 72240 2 5.49958e-05 0.8
14400 72800 2 5.1683e-06 0.8
14400 73360 2 2.49598e-05 0.8
14400 73920 2 1.91458e-05 0.8
14400 74480 2 2.40798e-05 0.8
14400 75040 2 2.40798e-05 0.8
14400 75600 2 2.40798e-05 0.8
14400 76160 2 2.28816e-05 0.8
14400 76720 2 2.28816e-05 0.8
14400 77280 2 1.75793e-05 0.8
14400 77840 2 1.75793e-05 0.8
14400 78400 2 9.85236e-06 0.8
14400 78960 2 1.75935e-05 0.8
14400 79520 2 0 0.8
16000 1680 2 1.08395e-06 0.8
16000 2240 2 6.07011e-07 0.8
16000 2800 2 1.08395e-06 0.8
16000 8400 2 2.22045e-16 0.8
16000 8960 2 0 0.8
16000 14560 2 0 0.8
16000 15120 2 1.67736e-06 0.8
16000 15680 2 9.3932e-07 0.8
16000 16240 2 1.67736e-06 0.8
16000 16800 2 0 0.8
16000 22400 2 0 0.8
16000 22960 2 2.22045e-16 0.8
16000 34160 2 1.11022e-16 0.8
16000 34720 2 0 0.8
16000 45920 2 0 0.8
16000 46480 2 4.18397e-06 0.8
16000 47040 2 2.34302e-06 0.8
16000 47600 2 2.60789e-06 0.8
16000 48160 2 2.60789e-06 0.8
16000 48720 2 2.73398e-06 0.8
16000 49280 2 2.73398e-06 0.8
16000 49840 2 3.42799e-06 0.8
16000 50400 2 3.42799e-06 0.8
16000 50960 2 3.89351e-06 0.8
16000 51520 2 3.89351e-06 0.8
16000 52080 2 4.69651e-06 0.8
16000 52640 2 4.69651e-06 0.8
16000 53200 2 6.38322e-06 0.8
16000 53760 2 6.38322e-06 0.8
16000 54320 2 9.10907e-06 0.8
16000 54880 2 9.10907e-06 0.8
16000 55440 2 1.2502e-05 0.8
16000 56000 2 1.2502e-05 0.8
16000 56560 2 1.51317e-05 0.8
16000 57120 2 1.51317e-05 0.8
16000 57680 2 1.7691e-05 0.8
16000 58240 2 1.7691e-05 0.8
16000 58800 2 2.07069e-05 0.8
16000 59360 2 2.07069e-05 0.8
16000 59920 2 2.46687e-05 0.8
16000 60480 2 2.46687e-05 0.8
16000 61040 2 2.89247e-05 0.8
16000 61600 2 2.89247e-05 0.8
16000 62160 2 3.28376e-05 0.8
16000 62720 2 3.28376e-05 0.8
16000 63280 2 3.70206e-05 0.8
16000 63840 2 3.70206e-05 0.8
16000 64400 2 4.22644e-05 0.8
16000 64960 2 4.22644e-05 0.8
16000 65520 2 4.97911e-05 0.8
16000 66080 2 4.97911e-05 0.8
16000 66640 2 5.78089e-05 0.8
16000 67200 2 5.78089e-05 0.8
16000 67760 2 6.57567e-05 0.8
16000 68320 2 6.57567e-05 0.8
16000 68880 2 7.25818e-05 0.8
16000 69440 2 7.25818e-05 0.8
16000 70000 2 7.43876e-05 0.8
16000 70560 2 7.43876e-05 0.8
16000 71120 2 7.43876e-05 0.8
16000 71680 2 5.55338e-05 0.8
16000 72240 2 0.000157677 0.8
16000 72800 2 3.27652e-05 0.8
16000 73360 2 5.33124e-05 0.8
16000 73920 2 5.33124e-05 0.8
16000 74480 2 5.33124e-05 0.8
16000 75040 2 5.09359e-05 0.8
16000 75600 2 5.09359e-05 0.8
16000 76160 2 4.06914e-05 0.8
16000 76720 2 4.06914e-05 0.8
16000 77280 2 2.8311e-05 0.8
16000 77840 2 2.8311e-05 0.8
16000 78400 2 1.49732e-05 0.8
16000 78960 2 2.67378e-05 0.8
16000 79520 2 0 0.8
17600 0 2 0 0.8
17600 560 2 1.78923e-06 0.8
17600 1120 2 1.00197e-06 0.8
17600 1680 2 1.00197e-06 0.8
17600 2240 2 8.98811e-07 0.8
17600 2800 2 1.60502e-06 0.8
17600 8400 2 0.00522095 0.8
17600 8960 2 0 0.8
17600 14560 2 0 0.8
17600 15120 2 1.06489e-06 0.8
17600 15680 2 5.96339e-07 0.8
17600 16240 2 1.06489e-06 0.8
17600 16800 2 0 0.8
17600 22400 2 0 0.8
17600 22960 2 2.22045e-16 0.8
17600 34160 2 1.11022e-16 0.8
17600 34720 2 0 0.8
17600 45920 2 0 0.8
17600 46480 2 2.84624e-06 0.8
17600 47040 2 1.59389e-06 0.8
17600 47600 2 2.44911e-06 0.8
17600 48160 2 2.44911e-06 0.8
17600 48720 2 3.35876e-06 0.8
17600 49280 2 3.35876e-06 0.8
17600 49840 2 4.47862e-06 0.8
17600 50400 2 4.47862e-06 0.8
17600 50960 2 5.16006e-06 0.8
17600 51520 2 5.16006e-06 0.8
17600 52080 2 6.05191e-06 0.8
17600 52640 2 6.05191e-06 0.8
17600 53200 2 7.75539e-06 0.8
17600 53760 2 7.75539e-06 0.8
17600 54320 2 1.0474e-05 0.8
17600 54880 2 1.0474e-05 0.8
17600 55440 2 1.38693e-05 0.8
17600 56000 2 1.38693e-05 0.8
17600 56560 2 1.65523e-05 0.8
17600 57120 2 1.65523e-05 0.8
17600 57680 2 1.92377e-05 0.8
17600 58240 2 1.92377e-05 0.8
17600 58800 2 2.24923e-05 0.8
17600 59360 2 2.24923e-05 0.8
17600 59920 2 2.68735e-05 0.8
17600 60480 2 2.68735e-05 0.8
17600 61040 2 3.18387e-05 0.8
17600 61600 2 3.18387e-05 0.8
17600 62160 2 3.69895e-05 0.8
17600 62720 2 3.69895e-05 0.8
17600 63280 2 4.35196e-05 0.8
17600 63840 2 4.35196e-05 0.8
17600 64400 2 5.35231e-05 0.8
17600 64960 2 5.35231e-05 0.8
17600 65520 2 7.1208e-05 0.8
17600 66080 2 7.1208e-05 0.8
17600 66640 2 0.000101204 0.8
17600 67200 2 0.000101204 0.8
17600 67760 2 0.00015807 0.8
17600 68320 2 0.00015807 0.8
17600 68880 2 0.000275982 0.8
17600 69440 2 0.000275982 0.8
17600 70000 2 0.000533877 0.8
17600 70560 2 0.000533877 0.8
17600 71120 2 0.00111026 0.8
17600 71680 2 0.00111026 0.8
17600 72240 2 0.115007 0.8
17600 72800 2 0.00108536 0.8
17600 73360 2 0.00108536 0.8
17600 73920 2 0.000511489 0.8
17600 74480 2 0.000511489 0.8
17600 75040 2 0.000252784 0.8
17600 75600 2 0.000252784 0.8
17600 76160 2 0.000130309 0.8
17600 76720 2 0.000130309 0.8
17600 77280 2 6.77899e-05 0.8
17600 77840 2 6.77899e-05 0.8
17600 78400 2 3.01204e-05 0.8
17600 78960 2 5.37864e-05 0.8
17600 79520 2 0 0.8
19200 0 2 0 0.8
19200 560 2 7.10369e-07 0.8
19200 1120 2 3.97807e-07 0.8
19200 1680 2 4.64342e-07 0.8
19200 2240 2 4.64342e-07 0.8
19200 2800 2 8.29183e-07 0.8
19200 8400 2 1.11022e-16 0.8
19200 8960 2 0 0.8
19200 14560 2 0 0.8
19200 15120 2 3.42457e-07 0.8
19200 15680 2 1.91776e-07 0.8
19200 16240 2 3.42457e-07 0.8
19200 16800 2 0 0.8
19200 22400 2 0 0.8
19200 22960 2 1.11022e-16 0.8
19200 34160 2 1.11022e-16 0.8
19200 34720 2 0 0.8
19200 45920 2 0 0.8
19200 46480 2 1.64546e-06 0.8
19200 47040 2 9.21457e-07 0.8
19200 47600 2 1.93563e-06 0.8
19200 48160 2 1.93563e-06 0.8
19200 48720 2 3.00185e-06 0.8
19200 49280 2 3.00185e-06 0.8
19200 49840 2 4.17293e-06 0.8
19200 50400 2 4.17293e-06 0.8
19200 50960 2 4.95296e-06 0.8
19200 51520 2 4.95296e-06 0.8
19200 52080 2 5.97076e-06 0.8
19200 52640 2 5.97076e-06 0.8
19200 53200 2 7.80966e-06 0.8
19200 53760 2 7.80966e-06 0.8
19200 54320 2 1.06708e-05 0.8
19200 54880 2 1.06708e-05 0.8
19200 55440 2 1.42125e-05 0.8
19200 56000 2 1.42125e-05 0.8
19200 56560 2 1.70389e-05 0.8
19200 57120 2 1.70389e-05 0.8
19200 57680 2 1.98708e-05 0.8
19200 58240 2 1.98708e-05 0.8
19200 58800 2 2.32703e-05 0.8
19200 59360 2 2.32703e-05 0.8
19200 59920 2 2.77596e-05 0.8
19200 60480 2 2.77596e-05 0.8
19200 61040 2 3.26772e-05 0.8
19200 61600 2 3.26772e-05 0.8
19200 62160 2 3.73646e-05 0.8
19200 62720 2 3.73646e-05 0.8
19200 63280 2 4.24623e-05 0.8
19200 63840 2 4.24623e-05 0.8
19200 64400 2 4.87941e-05 0.8
19200 64960 2 4.87941e-05 0.8
19200 65520 2 5.76039e-05 0.8
19200 66080 2 5.76039e-05 0.8
19200 66640 2 6.68485e-05 0.8
19200 67200 2 6.68485e-05 0.8
19200 67760 2 7.57651e-05 0.8
19200 68320 2 7.57651e-05 0.8
19200 68880 2 8.30104e-05 0.8
19200 69440 2 8.30104e-05 0.8
19200 70000 2 8.41213e-05 0.8
19200 70560 2 8.41213e-05 0.8
19200 71120 2 8.41213e-05 0.8
19200 71680 2 6.23357e-05 0.8
19200 72240 2 0.000177388 0.8
19200 72800 2 3.70015e-05 0.8
19200 73360 2 6.04206e-05 0.8
19200 73920 2 6.04206e-05 0.8
19200 74480 2 6.04206e-05 0.8
19200 75040 2 5.84992e-05 0.8
19200 75600 2 5.84992e-05 0.8
19200 76160 2 4.73177e-05 0.8
19200 76720 2 4.73177e-05 0.8
19200 77280 2 3.31823e-05 0.8
19200 77840 2 3.31823e-05 0.8
19200 78400 2 1.75998e-05 0.8
19200 78960 2 3.14282e-05 0.8
19200 79520 2 0 0.8
20800 0 2 0 0.8
20800 560 2 1.59026e-07 0.8
20800 1120 2 8.90546e-08 0.8
20800 1680 2 1.15802e-07 0.8
20800 2240 2 1.15802e-07 0.8
20800 2800 2 2.06789e-07 0.8
20800 8400 2 1.11022e-16 0.8
20800 8960 2 0 0.8
20800 14560 2 0 0.8
20800 15120 2 4.28857e-07 0.8
20800 15680 2 2.4016e-07 0.8
20800 16240 2 4.28857e-07 0.8
20800 16800 2 0 0.8
20800 22400 2 0 0.8
20800 22960 2 2.22045e-16 0.8
20800 34160 2 2.22045e-16 0.8
20800 34720 2 0 0.8
20800 45920 2 0 0.8
20800 46480 2 2.01416e-08 0.8
20800 47040 2 1.12793e-08 0.8
20800 47600 2 2.46877e-06 0.8
20800 48160 2 1.37123e-06 0.8
20800 48720 2 2.14862e-06 0.8
20800 49280 2 2.14862e-06 0.8
20800 49840 2 2.95683e-06 0.8
20800 50400 2 2.95683e-06 0.8
20800 50960 2 3.63717e-06 0.8
20800 51520 2 3.63717e-06 0.8
20800 52080 2 4.73232e-06 0.8
20800 52640 2 4.73232e-06 0.8
20800 53200 2 6.73328e-06 0.8
20800 53760 2 6.73328e-06 0.8
20800 54320 2 9.79289e-06 0.8
20800 54880 2 9.79289e-06 0.8
20800 55440 2 1.35495e-05 0.8
20800 56000 2 1.35495e-05 0.8
20800 56560 2 1.66107e-05 0.8
20800 57120 2 1.66107e-05 0.8
20800 57680 2 1.96808e-05 0.8
20800 58240 2 1.96808e-05 0.8
20800 58800 2 2.33143e-05 0.8
20800 59360 2 2.33143e-05 0.8
20800 59920 2 2.80179e-05 0.8
20800 60480 2 2.80179e-05 0.8
20800 61040 2 3.31177e-05 0.8
20800 61600 2 3.31177e-05 0.8
20800 62160 2 3.79104e-05 0.8
20800 62720 2 3.79104e-05 0.8
20800 63280 2 4.29136e-05 0.8
20800 63840 2 4.29136e-05 0.8
20800 64400 2 4.87286e-05 0.8
20800 64960 2 4.87286e-05 0.8
20800 65520 2 5.61746e-05 0.8
20800 66080 2 5.61746e-05 0.8
20800 66640 2 6.27278e-05 0.8
20800 67200 2 6.27278e-05 0.8
20800 67760 2 6.70654e-05 0.8
20800 68320 2 6.70654e-05 0.8
20800 68880 2 6.77866e-05 0.8
20800 69440 2 6.77866e-05 0.8
20800 70000 2 6.77866e-05 0.8
20800 70560 2 6.25774e-05 0.8
20800 71120 2 6.25774e-05 0.8
20800 71680 2 4.55521e-05 0.8
20800 72240 2 0.000117386 0.8
20800 72800 2 2.01841e-05 0.8
20800 73360 2 3.81788e-05 0.8
20800 73920 2 3.81788e-05 0.8
20800 74480 2 4.24708e-05 0.8
20800 75040 2 4.24708e-05 0.8
20800 75600 2 4.24708e-05 0.8
20800 76160 2 3.81112e-05 0.8
20800 76720 2 3.81112e-05 0.8
20800 77280 2 2.85398e-05 0.8
20800 77840 2 2.85398e-05 0.8
20800 78400 2 1.57442e-05 0.8
20800 78960 2 2.81147e-05 0.8
20800 79520 2 0 0.8
22400 0 2 0 0.8
22400 560 2 1.93945e-07 0.8
22400 1120 2 1.08609e-07 0.8
22400 1680 2 1.48091e-07 0.8
22400 2240 2 1.48091e-07 0.8
22400 2800 2 2.64448e-07 0.8
22400 8400 2 1.11022e-16 0.8
22400 8960 2 0 0.8
22400 14560 2 0 0.8
22400 15120 2 1.3355e-06 0.8
22400 15680 2 7.47883e-07 0.8
22400 16240 2 1.3355e-06 0.8
22400 16800 2 0 0.8
22400 22400 2 0 0.8
22400 22960 2 1.11022e-16 0.8
22400 34160 2 2.22045e-16 0.8
22400 34720 2 0 0.8
22400 45920 2 0 0.8
22400 46480 2 4.04305e-06 0.8
22400 47040 2 2.26411e-06 0.8
22400 47600 2 6.78411e-06 0.8
22400 48160 2 1.53499e-06 0.8
22400 48720 2 1.53499e-06 0.8
22400 49280 2 1.26603e-06 0.8
22400 49840 2 1.26603e-06 0.8
22400 50400 2 1.22344e-06 0.8
22400 50960 2 1.50413e-06 0.8
22400 51520 2 1.50413e-06 0.8
22400 52080 2 2.5229e-06 0.8
22400 52640 2 2.5229e-06 0.8
22400 53200 2 4.64215e-06 0.8
22400 53760 2 4.64215e-06 0.8
22400 54320 2 7.93519e-06 0.8
22400 54880 2 7.93519e-06 0.8
22400 55440 2 1.19793e-05 0.8
22400 56000 2 1.19793e-05 0.8
22400 56560 2 1.53091e-05 0.8
22400 57120 2 1.53091e-05 0.8
22400 57680 2 1.86459e-05 0.8
22400 58240 2 1.86459e-05 0.8
22400 58800 2 2.25714e-05 0.8
22400 59360 2 2.25714e-05 0.8
22400 59920 2 2.76293e-05 0.8
22400 60480 2 2.76293e-05 0.8
22400 61040 2 3.31768e-05 0.8
22400 61600 2 3.31768e-05 0.8
22400 62160 2 3.85574e-05 0.8
22400 62720 2 3.85574e-05 0.8
22400 63280 2 4.4393e-05 0.8
22400 63840 2 4.4393e-05 0.8
22400 64400 2 5.1453e-05 0.8
22400 64960 2 5.1453e-05 0.8
22400 65520 2 6.08485e-05 0.8
22400 66080 2 6.08485e-05 0.8
22400 66640 2 7.03266e-05 0.8
22400 67200 2 7.03266e-05 0.8
22400 67760 2 7.91391e-05 0.8
22400 68320 2 7.91391e-05 0.8
22400 68880 2 8.6787e-05 0.8
22400 69440 2 8.6787e-05 0.8
22400 70000 2 9.23235e-05 0.8
22400 70560 2 9.23235e-05 0.8
22400 71120 2 9.23235e-05 0.8
22400 71680 2 9.10256e-05 0.8
22400 72240 2 0.000280019 0.8
22400 72800 2 6.57847e-05 0.8
22400 73360 2 6.84234e-05 0.8
22400 73920 2 6.84234e-05 0.8
22400 74480 2 6.84234e-05 0.8
22400 75040 2 6.18164e-05 0.8
22400 75600 2 6.18164e-05 0.8
22400 76160 2 5.00772e-05 0.8
22400 76720 2 5.00772e-05 0.8
22400 77280 2 3.55769e-05 0.8
22400 77840 2 3.55769e-05 0.8
22400 78400 2 1.90916e-05 0.8
22400 78960 2 3.40921e-05 0.8
22400 79520 2 0 0.8
24000 0 2 0 0.8
24000 560 2 7.42156e-07 0.8
24000 1120 2 4.15607e-07 0.8
24000 1680 2 8.15974e-07 0.8
24000 2240 2 8.15974e-07 0.8
24000 2800 2 1.09433e-06 0.8
24000 3360 2 1.09433e-06 0.8
24000 3920 2 1.09433e-06 0.8
24000 4480 2 1.00517e-06 0.8
24000 5040 2 1.79495e-06 0.8
24000 5600 2 0 0.8
24000 6160 2 0 0.8
24000 16240 2 1.11022e-16 0.8
24000 16800 2 0 0.8
24000 22400 2 0 0.8
24000 22960 2 1.11022e-16 0.8
24000 34160 2 1.11022e-16 0.8
24000 34720 2 0 0.8
24000 45920 2 0 0.8
24000 46480 2 1.11022e-16 0.8
24000 48720 2 2.52882e-06 0.8
24000 49280 2 1.41614e-06 0.8
24000 49840 2 2.02138e-06 0.8
24000 50400 2 2.02138e-06 0.8
24000 50960 2 2.02138e-06 0.8
24000 51520 2 1.97434e-06 0.8
24000 52080 2 1.97434e-06 0.8
24000 52640 2 9.33553e-07 0.8
24000 53200 2 4.17964e-06 0.8
24000 53760 2 1.40705e-06 0.8
24000 54320 2 6.54159e-06 0.8
24000 54880 2 5.07034e-06 0.8
24000 55440 2 9.53648e-06 0.8
24000 56000 2 9.53648e-06 0.8
24000 56560 2 1.3124e-05 0.8
24000 57120 2 1.3124e-05 0.8
24000 57680 2 1.66665e-05 0.8
24000 58240 2 1.66665e-05 0.8
24000 58800 2 2.08364e-05 0.8
24000 59360 2 2.08364e-05 0.8
24000 59920 2 2.62842e-05 0.8
24000 60480 2 2.62842e-05 0.8
24000 61040 2 3.23698e-05 0.8
24000 61600 2 3.23698e-05 0.8
24000 62160 2 3.85039e-05 0.8
24000 62720 2 3.85039e-05 0.8
24000 63280 2 4.56422e-05 0.8
24000 63840 2 4.56422e-05 0.8
24000 64400 2 5.51471e-05 0.8
24000 64960 2 5.51471e-05 0.8
24000 65520 2 6.93208e-05 0.8
24000 66080 2 6.93208e-05 0.8
24000 66640 2 8.74135e-05 0.8
24000 67200 2 8.74135e-05 0.8
24000 67760 2 0.000112044 0.8
24000 68320 2 0.000112044 0.8
24000 68880 2 0.000149248 0.8
24000 69440 2 0.000149248 0.8
24000 70000 2 0.000211019 0.8
24000 70560 2 0.000211019 0.8
24000 71120 2 0.000315139 0.8
24000 71680 2 0.000315139 0.8
24000 72240 2 0.00108137 0.8
24000 72800 2 0.000290429 0.8
24000 73360 2 0.000290429 0.8
24000 73920 2 0.000189396 0.8
24000 74480 2 0.000189396 0.8
24000 75040 2 0.000126193 0.8
24000 75600 2 0.000126193 0.8
24000 76160 2 8.38328e-05 0.8
24000 76720 2 8.38328e-05 0.8
24000 77280 2 5.28962e-05 0.8
24000 77840 2 5.28962e-05 0.8
24000 78400 2 2.65793e-05 0.8
24000 78960 2 4.7463e-05 0.8
24000 79520 2 0 0.8
25600 0 2 0 0.8
25600 560 2 1.16843e-06 0.8
25600 1120 2 6.5432e-07 0.8
25600 1680 2 1.38574e-06 0.8
25600 2240 2 1.38574e-06 0.8
25600 2800 2 2.1282e-06 0.8
25600 3360 2 2.1282e-06 0.8
25600 3920 2 2.81578e-06 0.8
25600 4480 2 2.81578e-06 0.8
25600 5040 2 3.39272e-06 0.8
25600 5600 2 3.39272e-06 0.8
25600 6160 2 3.39272e-06 0.8
25600 6720 2 3.39272e-06 0.8
25600 7280 2 3.39272e-06 0.8
25600 7840 2 3.23729e-06 0.8
25600 8400 2 3.75192e-06 0.8
25600 8960 2 3.75192e-06 0.8
25600 9520 2 3.75192e-06 0.8
25600 10080 2 3.01169e-06 0.8
25600 10640 2 3.01169e-06 0.8
25600 11200 2 2.40995e-06 0.8
25600 11760 2 2.40995e-06 0.8
25600 12320 2 1.64478e-06 0.8
25600 12880 2 2.17393e-06 0.8
25600 13440 2 4.27378e-07 0.8
25600 14000 2 2.73965e-06 0.8
25600 14560 2 1.10683e-06 0.8
25600 15120 2 2.02668e-06 0.8
25600 15680 2 2.02668e-06 0.8
25600 16240 2 3.61907e-06 0.8
25600 16800 2 0 0.8
25600 22400 2 0 0.8
25600 22960 2 1.11022e-16 0.8
25600 34160 2 0.00625 0.8
25600 34720 2 0 0.8
25600 45920 2 0 0.8
25600 46480 2 3.17497e-06 0.8
25600 47040 2 1.77799e-06 0.8
25600 47600 2 1.77799e-06 0.8
25600 48160 2 1.77799e-06 0.8
25600 48720 2 3.17497e-06 0.8
25600 49280 2 0 0.8
25600 60480 2 0 0.8
25600 61040 2 2.22045e-16 0.8
25600 72240 2 0.16176 0.8
25600 72800 2 0 0.8
25600 78400 2 0 0.8
25600 78960 2 1.11022e-16 0.8
25600 79520 2 0 0.8
27200 0 2 0 0.8
27200 560 2 1.20232e-06 0.8
27200 1120 2 6.733e-07 0.8
27200 1680 2 1.41849e-06 0.8
27200 2240 2 1.41849e-06 0.8
27200 2800 2 2.16841e-06 0.8
27200 3360 2 2.16841e-06 0.8
27200 3920 2 2.85693e-06 0.8
27200 4480 2 2.85693e-06 0.8
27200 5040 2 3.3955e-06 0.8
27200 5600 2 3.3955e-06 0.8
27200 6160 2 3.3955e-06 0.8
27200 6720 2 3.3955e-06 0.8
27200 7280 2 3.3955e-06 0.8
27200 7840 2 2.79258e-06 0.8
27200 8400 2 2.79258e-06 0.8
27200 8960 2 2.20126e-06 0.8
27200 9520 2 2.20126e-06 0.8
27200 10080 2 1.21475e-06 0.8
27200 10640 2 1.23923e-06 0.8
27200 11200 2 5.20781e-07 0.8
27200 11760 2 1.31946e-06 0.8
27200 12320 2 2.18117e-07 0.8
27200 12880 2 1.90866e-06 0.8
27200 13440 2 1.28696e-06 0.8
27200 14000 2 2.52305e-06 0.8
27200 14560 2 2.52305e-06 0.8
27200 15120 2 2.94549e-06 0.8
27200 15680 2 2.94549e-06 0.8
27200 16240 2 5.25981e-06 0.8
27200 16800 2 0 0.8
27200 22400 2 0 0.8
27200 22960 2 2.22045e-16 0.8
27200 34160 2 1.11022e-16 0.8
27200 34720 2 0 0.8
27200 45920 2 0 0.8
27200 46480 2 3.84425e-06 0.8
27200 47040 2 2.15278e-06 0.8
27200 47600 2 2.15278e-06 0.8
27200 48160 2 2.15278e-06 0.8
27200 48720 2 3.84425e-06 0.8
27200 49280 2 0 0.8
27200 60480 2 0 0.8
27200 61040 2 2.22045e-16 0.8
27200 72240 2 2.22045e-16 0.8
27200 72800 2 0 0.8
27200 78400 2 0 0.8
27200 78960 2 1.11022e-16 0.8
27200 79520 2 0 0.8
28800 0 2 0 0.8
28800 560 2 9.50706e-07 0.8
28800 1120 2 5.32396e-07 0.8
28800 1680 2 1.1487e-06 0.8
28800 2240 2 1.1487e-06 0.8
28800 2800 2 1.79464e-06 0.8
28800 3360 2 1.79464e-06 0.8
28800 3920 2 2.50357e-06 0.8
28800 4480 2 2.50357e-06 0.8
28800 5040 2 3.39625e-06 0.8
28800 5600 2 3.39625e-06 0.8
28800 6160 2 3.39625e-06 0.8
28800 6720 2 3.39625e-06 0.8
28800 7280 2 3.39625e-06 0.8
28800 7840 2 2.18816e-06 0.8
28800 8400 2 2.18816e-06 0.8
28800 8960 2 1.20686e-06 0.8
28800 9520 2 2.23037e-06 0.8
28800 10080 2 4.2144e-08 0.8
28800 10640 2 1.47437e-06 0.8
28800 11200 2 8.6779e-07 0.8
28800 11760 2 1.66562e-06 0.8
28800 12320 2 1.66562e-06 0.8
28800 12880 2 2.7481e-06 0.8
28800 13440 2 2.7481e-06 0.8
28800 14000 2 3.92e-06 0.8
28800 14560 2 3.92e-06 0.8
28800 15120 2 4.03806e-06 0.8
28800 15680 2 4.03806e-06 0.8
28800 16240 2 7.21083e-06 0.8
28800 16800 2 0 0.8
28800 22400 2 0 0.8
28800 22960 2 1.11022e-16 0.8
28800 34160 2 2.22045e-16 0.8
28800 34720 2 0 0.8
28800 45920 2 0 0.8
28800 46480 2 4.7534e-06 0.8
28800 47040 2 2.66191e-06 0.8
28800 47600 2 2.66191e-06 0.8
28800 48160 2 2.66191e-06 0.8
28800 48720 2 4.7534e-06 0.8
28800 49280 2 0 0.8
28800 60480 2 0 0.8
28800 61040 2 2.22045e-16 0.8
28800 72240 2 1.11022e-16 0.8
28800 72800 2 0 0.8
28800 78400 2 0 0.8
28800 78960 2 1.11022e-16 0.8
28800 79520 2 0 0.8
30400 0 2 0 0.8
30400 560 2 5.08456e-07 0.8
30400 1120 2 2.84735e-07 0.8
30400 1680 2 1.02728e-06 0.8
30400 2240 2 8.60011e-07 0.8
30400 2800 2 1.39219e-06 0.8
30400 3360 2 1.39219e-06 0.8
30400 3920 2 1.8225e-06 0.8
30400 4480 2 1.8225e-06 0.8
30400 5040 2 1.97309e-06 0.8
30400 5600 2 1.97309e-06 0.8
30400 6160 2 2.74034e-06 0.8
30400 6720 2 2.74034e-06 0.8
30400 7280 2 2.74034e-06 0.8
30400 7840 2 1.62482e-06 0.8
30400 8400 2 2.90147e-06 0.8
30400 8960 2 0 0.8
30400 14560 2 0 0.8
30400 15120 2 1.11022e-16 0.8
30400 26320 2 1.11022e-16 0.8
30400 26880 2 0 0.8
30400 38080 2 0 0.8
30400 38640 2 2.22045e-16 0.8
30400 44240 2 7.42707e-07 0.8
30400 44800 2 4.15916e-07 0.8
30400 45360 2 7.3666e-07 0.8
30400 45920 2 3.38611e-09 0.8
30400 46480 2 2.08409e-06 0.8
30400 47040 2 1.17048e-06 0.8
30400 47600 2 1.17048e-06 0.8
30400 48160 2 1.17048e-06 0.8
30400 48720 2 2.09014e-06 0.8
30400 49280 2 0 0.8
30400 60480 2 0 0.8
30400 61040 2 2.22045e-16 0.8
30400 72240 2 2.22045e-16 0.8
30400 72800 2 0 0.8
30400 78400 2 0 0.8
30400 78960 2 2.22045e-16 0.8
30400 79520 2 0 0.8
32000 0 2 0 0.8
32000 560 2 8.1053e-07 0.8
32000 1120 2 4.53897e-07 0.8
32000 1680 2 1.53737e-06 0.8
32000 2240 2 4.07032e-07 0.8
32000 2800 2 1.13011e-06 0.8
32000 3360 2 1.03989e-06 0.8
32000 3920 2 1.53366e-06 0.8
32000 4480 2 1.53366e-06 0.8
32000 5040 2 1.73529e-06 0.8
32000 5600 2 1.73529e-06 0.8
32000 6160 2 1.95026e-06 0.8
32000 6720 2 1.95026e-06 0.8
32000 7280 2 1.95026e-06 0.8
32000 7840 2 1.24625e-06 0.8
32000 8400 2 2.22545e-06 0.8
32000 8960 2 0 0.8
32000 14560 2 0 0.8
32000 15120 2 1.11022e-16 0.8
32000 26320 2 1.11022e-16 0.8
32000 26880 2 0 0.8
32000 38080 2 0 0.8
32000 38640 2 2.22045e-16 0.8
32000 44240 2 9.00727e-06 0.8
32000 44800 2 5.04407e-06 0.8
32000 45360 2 1.95911e-05 0.8
32000 45920 2 5.92694e-06 0.8
32000 46480 2 1.03339e-05 0.8
32000 47040 2 1.03339e-05 0.8
32000 47600 2 1.03339e-05 0.8
32000 48160 2 1.03339e-05 0.8
32000 48720 2 1.84534e-05 0.8
32000 49280 2 0 0.8
32000 60480 2 0 0.8
32000 61040 2 1.11022e-16 0.8
32000 72240 2 2.22045e-16 0.8
32000 72800 2 0 0.8
32000 78400 2 0 0.8
32000 78960 2 1.11022e-16 0.8
32000 79520 2 0 0.8
33600 2240 2 0 0.8
33600 2800 2 1.22123e-06 0.8
33600 3360 2 6.8389e-07 0.8
33600 3920 2 1.19305e-06 0.8
33600 4480 2 1.19305e-06 0.8
33600 5040 2 1.37833e-06 0.8
33600 5600 2 1.37833e-06 0.8
33600 6160 2 1.48383e-06 0.8
33600 6720 2 1.48383e-06 0.8
33600 7280 2 1.48383e-06 0.8
33600 7840 2 9.54164e-07 0.8
33600 8400 2 1.70386e-06 0.8
33600 8960 2 0 0.8
33600 14560 2 0 0.8
33600 15120 2 1.11022e-16 0.8
33600 26320 2 0.0104419 0.8
33600 26880 2 0 0.8
33600 38080 2 0.001 0.8
33600 38640 2 0.00178572 0.8
33600 44240 2 0.0038381 0.8
33600 44800 2 0.000333389 0.8
33600 45360 2 0.000772683 0.8
33600 45920 2 9.93137e-05 0.8
33600 46480 2 0.000880083 0.8
33600 47040 2 0.00059216 0.8
33600 47600 2 0.00059216 0.8
33600 48160 2 0.0120373 0.8
33600 48720 2 0.00144257 0.8
33600 49280 2 0 0.8
33600 60480 2 0 0.8
33600 61040 2 1.11022e-16 0.8
33600 72240 2 1.11022e-16 0.8
33600 72800 2 0 0.8
33600 78400 2 0 0.8
33600 78960 2 2.22045e-16 0.8
33600 79520 2 0 0.8
35200 2240 2 0 0.8
35200 2800 2 9.40393e-07 0.8
35200 3360 2 5.2662e-07 0.8
35200 3920 2 9.52283e-07 0.8
35200 4480 2 9.52283e-07 0.8
35200 5040 2 1.0255e-06 0.8
35200 5600 2 1.0255e-06 0.8
35200 6160 2 1.10143e-06 0.8
35200 6720 2 1.10143e-06 0.8
35200 7280 2 1.10143e-06 0.8
35200 7840 2 7.03532e-07 0.8
35200 8400 2 1.25631e-06 0.8
35200 8960 2 0 0.8
35200 14560 2 0 0.8
35200 15120 2 1.11022e-16 0.8
35200 26320 2 2.22045e-16 0.8
35200 26880 2 0 0.8
35200 38080 2 0 0.8
35200 38640 2 1.11022e-16 0.8
35200 44240 2 5.73337e-07 0.8
35200 44800 2 3.21069e-07 0.8
35200 45360 2 3.57256e-05 0.8
35200 45920 2 2.03274e-05 0.8
35200 46480 2 4.1894e-05 0.8
35200 47040 2 4.1894e-05 0.8
35200 47600 2 4.1894e-05 0.8
35200 48160 2 4.1894e-05 0.8
35200 48720 2 7.48106e-05 0.8
35200 49280 2 0 0.8
35200 60480 2 0 0.8
35200 61040 2 1.11022e-16 0.8
35200 72240 2 2.22045e-16 0.8
35200 72800 2 0 0.8
35200 78400 2 0 0.8
35200 78960 2 1.11022e-16 0.8
35200 79520 2 0 0.8
36800 1680 2 6.64874e-07 0.8
36800 2240 2 3.72329e-07 0.8
36800 2800 2 5.81264e-07 0.8
36800 3360 2 5.81264e-07 0.8
36800 3920 2 8.95307e-07 0.8
36800 4480 2 8.95307e-07 0.8
36800 5040 2 8.95307e-07 0.8
36800 5600 2 7.73944e-07 0.8
36800 6160 2 8.6262e-07 0.8
36800 6720 2 8.6262e-07 0.8
36800 7280 2 8.6262e-07 0.8
36800 7840 2 6.24343e-07 0.8
36800 8400 2 1.1149e-06 0.8
36800 8960 2 0 0.8
36800 14560 2 0 0.8
36800 15120 2 1.11022e-16 0.8
36800 26320 2 2.22045e-16 0.8
36800 26880 2 0 0.8
36800 38080 2 0 0.8
36800 38640 2 1.11022e-16 0.8
36800 44240 2 2.60462e-07 0.8
36800 44800 2 1.45859e-07 0.8
36800 45360 2 2.04502e-06 0.8
36800 45920 2 9.99354e-07 0.8
36800 46480 2 1.78456e-06 0.8
36800 47040 2 0 0.8
36800 47600 2 0 0.8
36800 48720 2 1.11022e-16 0.8
36800 49280 2 0 0.8
36800 60480 2 0 0.8
36800 61040 2 2.22045e-16 0.8
36800 72240 2 1.11022e-16 0.8
36800 72800 2 0 0.8
36800 78400 2 0 0.8
36800 78960 2 2.22045e-16 0.8
36800 79520 2 0 0.8
38400 0 2 0 0.8
38400 560 2 9.88449e-06 0.8
38400 1120 2 5.53531e-06 0.8
38400 1680 2 5.53531e-06 0.8
38400 2240 2 2.92018e-06 0.8
38400 2800 2 2.92018e-06 0.8
38400 3360 2 1.77463e-06 0.8
38400 3920 2 1.77463e-06 0.8
38400 4480 2 1.53279e-06 0.8
38400 5040 2 1.53279e-06 0.8
38400 5600 2 9.78498e-07 0.8
38400 6160 2 9.92207e-07 0.8
38400 6720 2 9.92207e-07 0.8
38400 7280 2 1.12413e-06 0.8
38400 7840 2 1.12413e-06 0.8
38400 8400 2 2.00737e-06 0.8
38400 8960 2 0 0.8
38400 14560 2 0 0.8
38400 15120 2 1.11022e-16 0.8
38400 26320 2 1.11022e-16 0.8
38400 26880 2 0 0.8
38400 38080 2 0 0.8
38400 38640 2 2.22045e-16 0.8
38400 44240 2 5.29632e-06 0.8
38400 44800 2 2.96594e-06 0.8
38400 45360 2 6.59612e-06 0.8
38400 45920 2 6.59612e-06 0.8
38400 46480 2 1.34072e-05 0.8
38400 47040 2 1.34072e-05 0.8
38400 47600 2 1.34072e-05 0.8
38400 48160 2 1.34072e-05 0.8
38400 48720 2 2.39414e-05 0.8
38400 49280 2 0 0.8
38400 60480 2 0 0.8
38400 61040 2 2.22045e-16 0.8
38400 72240 2 1.11022e-16 0.8
38400 72800 2 0 0.8
38400 78400 2 0 0.8
38400 78960 2 2.22045e-16 0.8
38400 79520 2 0 0.8
40000 0 2 0 0.8
40000 560 2 3.33663e-06 0.8
40000 1120 2 1.86851e-06 0.8
40000 1680 2 1.86851e-06 0.8
40000 2240 2 1.36427e-06 0.8
40000 2800 2 1.40616e-06 0.8
40000 3360 2 1.40616e-06 0.8
40000 3920 2 1.87525e-06 0.8
40000 4480 2 1.87525e-06 0.8
40000 5040 2 1.87525e-06 0.8
40000 5600 2 1.28304e-06 0.8
40000 6160 2 1.6007e-06 0.8
40000 6720 2 1.6007e-06 0.8
40000 7280 2 3.82479e-06 0.8
40000 7840 2 3.74258e-06 0.8
40000 8400 2 6.68318e-06 0.8
40000 8960 2 0 0.8
40000 14560 2 0 0.8
40000 15120 2 2.22045e-16 0.8
40000 26320 2 1.11022e-16 0.8
40000 26880 2 0 0.8
40000 38080 2 0 0.8
40000 38640 2 1.11022e-16 0.8
40000 44240 2 4.70391e-06 0.8
40000 44800 2 2.63419e-06 0.8
40000 45360 2 2.63419e-06 0.8
40000 45920 2 1.63489e-06 0.8
40000 46480 2 6.74922e-06 0.8
40000 47040 2 5.41445e-06 0.8
40000 47600 2 5.41445e-06 0.8
40000 48160 2 5.41445e-06 0.8
40000 48720 2 9.66866e-06 0.8
40000 49280 2 0 0.8
40000 60480 2 0 0.8
40000 61040 2 1.11022e-16 0.8
40000 72240 2 2.22045e-16 0.8
40000 72800 2 0 0.8
40000 78400 2 0 0.8
40000 78960 2 2.22045e-16 0.8
40000 79520 2 0 0.8
41600 0 2 0 0.8
41600 560 2 1.43946e-06 0.8
41600 1120 2 8.061e-07 0.8
41600 1680 2 8.39589e-07 0.8
41600 2240 2 3.35931e-07 0.8
41600 2800 2 2.21972e-06 0.8
41600 3360 2 1.57897e-06 0.8
41600 3920 2 3.10609e-06 0.8
41600 4480 2 3.10609e-06 0.8
41600 5040 2 4.8439e-06 0.8
41600 5600 2 3.93506e-07 0.8
41600 6160 2 4.00214e-06 0.8
41600 6720 2 1.84769e-06 0.8
41600 7280 2 3.29945e-06 0.8
41600 7840 2 0 0.8
41600 14560 2 0 0.8
41600 15120 2 1.11022e-16 0.8
41600 26320 2 2.22045e-16 0.8
41600 26880 2 0 0.8
41600 38080 2 0 0.8
41600 38640 2 1.11022e-16 0.8
41600 44240 2 2.47817e-06 0.8
41600 44800 2 1.38777e-06 0.8
41600 45360 2 2.90921e-05 0.8
41600 45920 2 1.49038e-05 0.8
41600 46480 2 1.49038e-05 0.8
41600 47040 2 9.05298e-06 0.8
41600 47600 2 9.05298e-06 0.8
41600 48160 2 9.05298e-06 0.8
41600 48720 2 1.6166e-05 0.8
41600 49280 2 0 0.8
41600 60480 2 0 0.8
41600 61040 2 1.11022e-16 0.8
41600 72240 2 1.11022e-16 0.8
41600 72800 2 0 0.8
41600 78400 2 0 0.8
41600 78960 2 1.11022e-16 0.8
41600 79520 2 0 0.8
43200 0 2 0 0.8
43200 560 2 1.89518e-06 0.8
43200 1120 2 1.0613e-06 0.8
43200 1680 2 1.43535e-06 0.8
43200 2240 2 1.43535e-06 0.8
43200 2800 2 3.18565e-06 0.8
43200 3360 2 3.18565e-06 0.8
43200 3920 2 6.94755e-06 0.8
43200 4480 2 6.94755e-06 0.8
43200 5040 2 1.4178e-05 0.8
43200 5600 2 9.92136e-07 0.8
43200 6160 2 1.40451e-05 0.8
43200 6720 2 8.8574e-06 0.8
43200 7280 2 8.8574e-06 0.8
43200 7840 2 7.31145e-06 0.8
43200 8400 2 1.30562e-05 0.8
43200 8960 2 0 0.8
43200 14560 2 0 0.8
43200 15120 2 1.11022e-16 0.8
43200 26320 2 0.00830075 0.8
43200 26880 2 0 0.8
43200 38080 2 0.00827733 0.8
43200 38640 2 0.0025 0.8
43200 44240 2 0.000150976 0.8
43200 44800 2 8.45468e-05 0.8
43200 45360 2 0.000229055 0.8
43200 45920 2 0.000212818 0.8
43200 46480 2 0.000544178 0.8
43200 47040 2 0.000517558 0.8
43200 47600 2 0.000517558 0.8
43200 48160 2 0.00420889 0.8
43200 48720 2 0.00115912 0.8
43200 49280 2 0 0.8
43200 60480 2 0.0195245 0.8
43200 61040 2 0.00416668 0.8
43200 72240 2 0.0114867 0.8
43200 72800 2 0 0.8
43200 78400 2 0 0.8
43200 78960 2 1.11022e-16 0.8
43200 79520 2 0 0.8
44800 0 2 0 0.8
44800 560 2 5.89989e-07 0.8
44800 1120 2 3.30394e-07 0.8
44800 1680 2 1.26526e-06 0.8
44800 2240 2 3.7815e-07 0.8
44800 2800 2 4.10073e-07 0.8
44800 3360 2 4.10073e-07 0.8
44800 3920 2 7.32274e-07 0.8
44800 4480 2 0 0.8
44800 5040 2 0 0.8
44800 5600 2 0 0.8
44800 7280 2 3.84416e-06 0.8
44800 7840 2 2.15273e-06 0.8
44800 8400 2 3.84416e-06 0.8
44800 8960 2 0 0.8
44800 14560 2 0 0.8
44800 15120 2 1.11022e-16 0.8
44800 26320 2 1.11022e-16 0.8
44800 26880 2 0 0.8
44800 38080 2 0 0.8
44800 38640 2 2.22045e-16 0.8
44800 44240 2 4.97999e-06 0.8
44800 44800 2 2.78879e-06 0.8
44800 45360 2 7.09582e-06 0.8
44800 45920 2 6.76245e-06 0.8
44800 46480 2 7.25972e-06 0.8
44800 47040 2 7.25972e-06 0.8
44800 47600 2 7.25972e-06 0.8
44800 48160 2 7.25972e-06 0.8
44800 48720 2 1.29638e-05 0.8
44800 49280 2 0 0.8
44800 60480 2 0 0.8
44800 61040 2 1.11022e-16 0.8
44800 72240 2 1.11022e-16 0.8
44800 72800 2 0 0.8
44800 78400 2 0 0.8
44800 78960 2 1.11022e-16 0.8
44800 79520 2 0 0.8
46400 7280 2 2.25961e-05 0.8
46400 7840 2 1.26538e-05 0.8
46400 8400 2 2.25961e-05 0.8
46400 8960 2 0 0.8
46400 14560 2 0 0.8
46400 15120 2 2.22045e-16 0.8
46400 26320 2 1.11022e-16 0.8
46400 26880 2 0 0.8
46400 38080 2 0 0.8
46400 38640 2 2.22045e-16 0.8
46400 44240 2 2.20154e-05 0.8
46400 44800 2 1.23286e-05 0.8
46400 45360 2 1.23286e-05 0.8
46400 45920 2 5.81118e-06 0.8
46400 46480 2 5.81118e-06 0.8
46400 47040 2 2.9124e-06 0.8
46400 47600 2 2.9124e-06 0.8
46400 48160 2 2.9124e-06 0.8
46400 48720 2 5.20072e-06 0.8
46400 49280 2 0 0.8
46400 60480 2 0 0.8
46400 61040 2 2.22045e-16 0.8
46400 72240 2 1.11022e-16 0.8
46400 72800 2 0 0.8
48000 0 2 0 0.8
48000 560 2 2.67662e-06 0.8
48000 1120 2 1.49891e-06 0.8
48000 1680 2 7.52168e-06 0.8
48000 2240 2 5.71105e-06 0.8
48000 2800 2 8.77731e-06 0.8
48000 3360 2 8.77731e-06 0.8
48000 3920 2 1.50823e-05 0.8
48000 4480 2 1.50823e-05 0.8
48000 5040 2 2.69327e-05 0.8
48000 14560 2 0 0.8
48000 15120 2 1.11022e-16 0.8
48000 26320 2 1.11022e-16 0.8
48000 26880 2 0 0.8
48000 38080 2 0 0.8
48000 38640 2 2.22045e-16 0.8
48000 45360 2 9.39668e-06 0.8
48000 45920 2 5.26214e-06 0.8
48000 46480 2 8.49268e-06 0.8
48000 47040 2 8.49268e-06 0.8
48000 47600 2 8.49268e-06 0.8
48000 48160 2 6.00726e-06 0.8
48000 48720 2 1.07273e-05 0.8
48000 49280 2 0 0.8
48000 60480 2 0 0.8
48000 61040 2 1.11022e-16 0.8
48000 72240 2 1.11022e-16 0.8
48000 72800 2 0 0.8
49600 0 2 0 0.8
49600 560 2 6.14693e-07 0.8
49600 1120 2 3.44228e-07 0.8
49600 1680 2 3.56789e-06 0.8
49600 2240 2 2.34225e-06 0.8
49600 2800 2 3.65241e-06 0.8
49600 3360 2 3.65241e-06 0.8
49600 3920 2 4.30356e-06 0.8
49600 4480 2 4.30356e-06 0.8
49600 5040 2 5.67663e-06 0.8
49600 5600 2 1.12465e-06 0.8
49600 6160 2 1.2265e-05 0.8
49600 6720 2 5.74375e-06 0.8
49600 7280 2 1.13631e-05 0.8
49600 7840 2 6.19609e-07 0.8
49600 8400 2 1.10644e-06 0.8
49600 8960 2 0 0.8
49600 14560 2 0 0.8
49600 15120 2 1.11022e-16 0.8
49600 26320 2 1.11022e-16 0.8
49600 26880 2 0 0.8
49600 38080 2 0 0.8
49600 38640 2 2.22045e-16 0.8
49600 44240 2 4.01224e-06 0.8
49600 44800 2 2.24685e-06 0.8
49600 45360 2 2.24685e-06 0.8
49600 45920 2 1.22975e-06 0.8
49600 46480 2 2.00911e-06 0.8
49600 47040 2 1.04651e-07 0.8
49600 47600 2 7.12975e-06 0.8
49600 48160 2 4.09731e-06 0.8
49600 48720 2 7.31663e-06 0.8
49600 49280 2 0 0.8
49600 60480 2 0 0.8
49600 61040 2 2.22045e-16 0.8
49600 72240 2 1.11022e-16 0.8
49600 72800 2 0 0.8
51200 0 2 0 0.8
51200 560 2 2.7083e-08 0.8
51200 1120 2 1.51665e-08 0.8
51200 1680 2 2.47174e-06 0.8
51200 2240 2 1.39934e-06 0.8
51200 2800 2 2.1441e-06 0.8
51200 3360 2 2.1441e-06 0.8
51200 3920 2 2.1441e-06 0.8
51200 4480 2 1.43161e-06 0.8
51200 5040 2 2.73929e-06 0.8
51200 5600 2 1.02395e-07 0.8
51200 6160 2 4.93615e-06 0.8
51200 6720 2 2.86664e-06 0.8
51200 7280 2 2.86664e-06 0.8
51200 7840 2 2.01688e-06 0.8
51200 8400 2 3.60157e-06 0.8
51200 8960 2 0 0.8
51200 14560 2 0 0.8
51200 15120 2 1.11022e-16 0.8
51200 26320 2 0.0204229 0.8
51200 26880 2 0 0.8
51200 38080 2 0 0.8
51200 38640 2 2.22045e-16 0.8
51200 44240 2 5.40667e-05 0.8
51200 44800 2 3.02774e-05 0.8
51200 45360 2 0.000108526 0.8
51200 45920 2 9.10517e-05 0.8
51200 46480 2 0.000233575 0.8
51200 47040 2 0.000221854 0.8
51200 47600 2 0.000520009 0.8
51200 48160 2 0.00121 0.8
51200 48720 2 0.000646324 0.8
51200 49280 2 0 0.8
51200 60480 2 0.002364 0.8
51200 61040 2 0.00125 0.8
51200 72240 2 2.22045e-16 0.8
51200 72800 2 0 0.8
52800 0 2 0 0.8
52800 560 2 7.45259e-07 0.8
52800 1120 2 4.17345e-07 0.8
52800 1680 2 3.46981e-06 0.8
52800 2240 2 2.36044e-06 0.8
52800 2800 2 3.55523e-06 0.8
52800 3360 2 3.55523e-06 0.8
52800 3920 2 3.55523e-06 0.8
52800 4480 2 2.84985e-06 0.8
52800 5040 2 2.84985e-06 0.8
52800 5600 2 1.843e-06 0.8
52800 6160 2 4.07611e-06 0.8
52800 6720 2 4.39626e-07 0.8
52800 7280 2 2.1409e-06 0.8
52800 7840 2 1.63853e-06 0.8
52800 8400 2 2.92594e-06 0.8
52800 8960 2 0 0.8
52800 14560 2 0 0.8
52800 15120 2 1.11022e-16 0.8
52800 26320 2 1.11022e-16 0.8
52800 26880 2 0 0.8
52800 38080 2 0 0.8
52800 38640 2 1.11022e-16 0.8
52800 44240 2 1.34228e-05 0.8
52800 44800 2 7.51677e-06 0.8
52800 45360 2 7.51677e-06 0.8
52800 45920 2 7.29051e-06 0.8
52800 46480 2 7.29051e-06 0.8
52800 47040 2 4.79865e-06 0.8
52800 47600 2 7.6959e-06 0.8
52800 48160 2 7.6959e-06 0.8
52800 48720 2 1.37427e-05 0.8
52800 49280 2 0 0.8
52800 60480 2 0 0.8
52800 61040 2 2.22045e-16 0.8
52800 72240 2 2.22045e-16 0.8
52800 72800 2 0 0.8
54400 0 2 0 0.8
54400 560 2 3.17672e-06 0.8
54400 1120 2 1.77897e-06 0.8
54400 1680 2 6.51816e-06 0.8
54400 2240 2 5.42914e-06 0.8
54400 2800 2 8.06163e-06 0.8
54400 3360 2 8.06163e-06 0.8
54400 3920 2 8.06163e-06 0.8
54400 4480 2 8.0395e-06 0.8
54400 5040 2 8.0395e-06 0.8
54400 5600 2 7.23408e-06 0.8
54400 6160 2 8.50675e-06 0.8
54400 6720 2 2.4703e-06 0.8
54400 7280 2 1.71351e-05 0.8
54400 7840 2 7.12533e-06 0.8
54400 8400 2 3.03937e-05 0.8
54400 8960 2 2.41458e-05 0.8
54400 9520 2 3.22338e-05 0.8
54400 10080 2 3.22338e-05 0.8
54400 10640 2 3.56665e-05 0.8
54400 11200 2 3.56665e-05 0.8
54400 11760 2 3.56665e-05 0.8
54400 12320 2 3.52433e-05 0.8
54400 12880 2 3.52433e-05 0.8
54400 13440 2 3.09838e-05 0.8
54400 14000 2 3.09838e-05 0.8
54400 14560 2 2.30841e-05 0.8
54400 15120 2 2.30841e-05 0.8
54400 15680 2 1.21347e-05 0.8
54400 16240 2 2.16691e-05 0.8
54400 16800 2 0 0.8
54400 22400 2 0 0.8
54400 22960 2 2.22045e-16 0.8
54400 34160 2 1.11022e-16 0.8
54400 34720 2 0 0.8
54400 45920 2 0 0.8
54400 46480 2 2.17026e-05 0.8
54400 47040 2 1.21535e-05 0.8
54400 47600 2 1.36007e-05 0.8
54400 48160 2 1.36007e-05 0.8
54400 48720 2 2.42869e-05 0.8
54400 49280 2 0 0.8
54400 60480 2 0 0.8
54400 61040 2 2.22045e-16 0.8
54400 72240 2 1.11022e-16 0.8
54400 72800 2 0 0.8
56000 0 2 0 0.8
56000 560 2 8.86517e-06 0.8
56000 1120 2 4.9645e-06 0.8
56000 1680 2 1.29115e-05 0.8
56000 2240 2 1.21949e-05 0.8
56000 2800 2 1.86236e-05 0.8
56000 3360 2 1.86236e-05 0.8
56000 3920 2 2.25053e-05 0.8
56000 4480 2 2.25053e-05 0.8
56000 5040 2 2.62384e-05 0.8
56000 5600 2 2.62384e-05 0.8
56000 6160 2 2.62384e-05 0.8
56000 6720 2 2.28296e-05 0.8
56000 7280 2 3.21195e-05 0.8
56000 7840 2 4.84267e-06 0.8
56000 8400 2 8.65375e-05 0.8
56000 8960 2 4.36183e-05 0.8
56000 9520 2 5.93818e-05 0.8
56000 10080 2 5.93818e-05 0.8
56000 10640 2 6.12289e-05 0.8
56000 11200 2 6.12289e-05 0.8
56000 11760 2 6.12289e-05 0.8
56000 12320 2 5.64371e-05 0.8
56000 12880 2 5.64371e-05 0.8
56000 13440 2 4.72563e-05 0.8
56000 14000 2 4.72563e-05 0.8
56000 14560 2 3.45702e-05 0.8
56000 15120 2 3.45702e-05 0.8
56000 15680 2 1.85629e-05 0.8
56000 16240 2 3.3148e-05 0.8
56000 16800 2 0 0.8
56000 22400 2 0 0.8
56000 22960 2 1.11022e-16 0.8
56000 34160 2 1.11022e-16 0.8
56000 34720 2 0 0.8
56000 45920 2 0 0.8
56000 46480 2 3.44727e-05 0.8
56000 47040 2 1.93047e-05 0.8
56000 47600 2 1.93047e-05 0.8
56000 48160 2 1.92952e-05 0.8
56000 48720 2 3.44557e-05 0.8
56000 49280 2 0 0.8
56000 60480 2 0 0.8
56000 61040 2 2.22045e-16 0.8
56000 72240 2 1.11022e-16 0.8
56000 72800 2 0 0.8
57600 0 2 0 0.8
57600 560 2 1.89271e-05 0.8
57600 1120 2 1.05992e-05 0.8
57600 1680 2 2.50558e-05 0.8
57600 2240 2 2.46304e-05 0.8
57600 2800 2 3.98989e-05 0.8
57600 3360 2 3.98989e-05 0.8
57600 3920 2 5.56787e-05 0.8
57600 4480 2 5.56787e-05 0.8
57600 5040 2 7.6861e-05 0.8
57600 5600 2 7.6861e-05 0.8
57600 6160 2 8.76647e-05 0.8
57600 6720 2 8.76647e-05 0.8
57600 7280 2 8.76647e-05 0.8
57600 7840 2 5.63646e-05 0.8
57600 8400 2 0.000287482 0.8
57600 8960 2 0.000104625 0.8
57600 9520 2 0.00013169 0.8
57600 10080 2 0.00013169 0.8
57600 10640 2 0.00013169 0.8
57600 11200 2 0.000119131 0.8
57600 11760 2 0.000119131 0.8
57600 12320 2 9.77889e-05 0.8
57600 12880 2 9.77889e-05 0.8
57600 13440 2 7.49637e-05 0.8
57600 14000 2 7.49637e-05 0.8
57600 14560 2 5.18391e-05 0.8
57600 15120 2 5.18391e-05 0.8
57600 15680 2 2.70707e-05 0.8
57600 16240 2 4.83405e-05 0.8
57600 16800 2 0 0.8
57600 22400 2 0 0.8
57600 22960 2 2.22045e-16 0.8
57600 34160 2 1.11022e-16 0.8
57600 34720 2 0 0.8
57600 45920 2 0 0.8
57600 46480 2 6.48237e-05 0.8
57600 47040 2 3.63013e-05 0.8
57600 47600 2 3.63013e-05 0.8
57600 48160 2 3.2253e-05 0.8
57600 48720 2 5.75946e-05 0.8
57600 49280 2 0 0.8
57600 60480 2 0 0.8
57600 61040 2 1.11022e-16 0.8
57600 72240 2 1.11022e-16 0.8
57600 72800 2 0 0.8
59200 0 2 0 0.8
59200 560 2 4.14423e-05 0.8
59200 1120 2 2.32077e-05 0.8
59200 1680 2 6.191e-05 0.8
59200 2240 2 5.78773e-05 0.8
59200 2800 2 0.000116622 0.8
59200 3360 2 0.000116622 0.8
59200 3920 2 0.000228469 0.8
59200 4480 2 0.000228469 0.8
59200 5040 2 0.000472186 0.8
59200 5600 2 0.000472186 0.8
59200 6160 2 0.000994355 0.8
59200 6720 2 0.000994355 0.8
59200 7280 2 0.00215208 0.8
59200 7840 2 0.00215208 0.8
59200 8400 2 0.211213 0.8
59200 8960 2 0.00220869 0.8
59200 9520 2 0.00220869 0.8
59200 10080 2 0.0010439 0.8
59200 10640 2 0.0010439 0.8
59200 11200 2 0.000519872 0.8
59200 11760 2 0.000519872 0.8
59200 12320 2 0.000276978 0.8
59200 12880 2 0.000276978 0.8
59200 13440 2 0.000156325 0.8
59200 14000 2 0.000156325 0.8
59200 14560 2 8.85609e-05 0.8
59200 15120 2 8.85609e-05 0.8
59200 15680 2 4.07259e-05 0.8
59200 16240 2 7.27249e-05 0.8
59200 16800 2 0 0.8
59200 22400 2 0 0.8
59200 22960 2 2.22045e-16 0.8
59200 34160 2 0.144573 0.8
59200 34720 2 0 0.8
59200 45920 2 0.0129889 0.8
59200 46480 2 0.00116667 0.8
59200 47040 2 0.000520641 0.8
59200 47600 2 0.000555958 0.8
59200 48160 2 0.000209305 0.8
59200 48720 2 0.000373758 0.8
59200 49280 2 0 0.8
59200 60480 2 0.00225867 0.8
59200 61040 2 0.0025 0.8
59200 72240 2 2.22045e-16 0.8
59200 72800 2 0 0.8
60800 0 2 0 0.8
60800 560 2 7.8501e-06 0.8
60800 1120 2 4.39606e-06 0.8
60800 1680 2 6.97203e-06 0.8
60800 2240 2 6.97203e-06 0.8
60800 2800 2 1.24501e-05 0.8
60800 8400 2 1.11022e-16 0.8
60800 8960 2 0 0.8
60800 14560 2 0 0.8
60800 15120 2 1.33677e-05 0.8
60800 15680 2 7.48594e-06 0.8
60800 16240 2 1.33677e-05 0.8
60800 16800 2 0 0.8
60800 22400 2 0 0.8
60800 22960 2 2.22045e-16 0.8
60800 34160 2 2.22045e-16 0.8
60800 34720 2 0 0.8
60800 45920 2 0 0.8
60800 46480 2 9.05201e-05 0.8
60800 47040 2 5.06912e-05 0.8
60800 47600 2 6.56225e-05 0.8
60800 48160 2 6.56225e-05 0.8
60800 48720 2 7.23737e-05 0.8
60800 49280 2 7.23737e-05 0.8
60800 49840 2 7.23737e-05 0.8
60800 50400 2 5.98174e-05 0.8
60800 50960 2 5.98174e-05 0.8
60800 51520 2 5.11386e-05 0.8
60800 52080 2 5.11386e-05 0.8
60800 52640 2 4.44294e-05 0.8
60800 53200 2 4.44294e-05 0.8
60800 53760 2 3.79743e-05 0.8
60800 54320 2 3.79743e-05 0.8
60800 54880 2 3.08893e-05 0.8
60800 55440 2 3.08893e-05 0.8
60800 56000 2 2.30022e-05 0.8
60800 56560 2 2.30022e-05 0.8
60800 57120 2 1.552e-05 0.8
60800 57680 2 1.62862e-05 0.8
60800 58240 2 6.3998e-06 0.8
60800 58800 2 2.35884e-05 0.8
60800 59360 2 6.8097e-06 0.8
60800 59920 2 3.76981e-05 0.8
60800 60480 2 2.79206e-05 0.8
60800 61040 2 0.000200152 0.8
60800 61600 2 8.41645e-05 0.8
60800 62160 2 8.41645e-05 0.8
60800 62720 2 6.47207e-05 0.8
60800 63280 2 6.47207e-05 0.8
60800 63840 2 5.27033e-05 0.8
60800 64400 2 5.27033e-05 0.8
60800 64960 2 4.47016e-05 0.8
60800 65520 2 4.47016e-05 0.8
60800 66080 2 3.82681e-05 0.8
60800 66640 2 3.82681e-05 0.8
60800 67200 2 3.36177e-05 0.8
60800 67760 2 3.36177e-05 0.8
60800 68320 2 3.03032e-05 0.8
60800 68880 2 3.03032e-05 0.8
60800 69440 2 2.77592e-05 0.8
60800 70000 2 2.77592e-05 0.8
60800 70560 2 2.52329e-05 0.8
60800 71120 2 2.52329e-05 0.8
60800 71680 2 2.21208e-05 0.8
60800 72240 2 2.21208e-05 0.8
60800 72800 2 1.91353e-05 0.8
60800 73360 2 1.91353e-05 0.8
60800 73920 2 1.649e-05 0.8
60800 74480 2 1.649e-05 0.8
60800 75040 2 1.40504e-05 0.8
60800 75600 2 1.40504e-05 0.8
60800 76160 2 1.0942e-05 0.8
60800 76720 2 1.0942e-05 0.8
60800 77280 2 6.4495e-06 0.8
60800 77840 2 1.1517e-05 0.8
60800 78400 2 0 0.8
60800 78960 2 0 0.8
60800 79520 2 0 0.8
62400 0 2 0 0.8
62400 560 2 2.91303e-06 0.8
62400 1120 2 1.6313e-06 0.8
62400 1680 2 2.7842e-06 0.8
62400 2240 2 2.7842e-06 0.8
62400 2800 2 4.97179e-06 0.8
62400 8400 2 1.11022e-16 0.8
62400 8960 2 0 0.8
62400 14560 2 0 0.8
62400 15120 2 9.44937e-06 0.8
62400 15680 2 5.29165e-06 0.8
62400 16240 2 9.44937e-06 0.8
62400 16800 2 0 0.8
62400 22400 2 0 0.8
62400 22960 2 1.11022e-16 0.8
62400 34160 2 2.22045e-16 0.8
62400 34720 2 0 0.8
62400 45920 2 0 0.8
62400 46480 2 5.80109e-05 0.8
62400 47040 2 3.24861e-05 0.8
62400 47600 2 4.73522e-05 0.8
62400 48160 2 4.73522e-05 0.8
62400 48720 2 5.38848e-05 0.8
62400 49280 2 5.38848e-05 0.8
62400 49840 2 5.38848e-05 0.8
62400 50400 2 5.15156e-05 0.8
62400 50960 2 5.15156e-05 0.8
62400 51520 2 4.81043e-05 0.8
62400 52080 2 4.81043e-05 0.8
62400 52640 2 4.4217e-05 0.8
62400 53200 2 4.4217e-05 0.8
62400 53760 2 3.95955e-05 0.8
62400 54320 2 3.95955e-05 0.8
62400 54880 2 3.41974e-05 0.8
62400 55440 2 3.41974e-05 0.8
62400 56000 2 2.84712e-05 0.8
62400 56560 2 2.84712e-05 0.8
62400 57120 2 2.41183e-05 0.8
62400 57680 2 2.41183e-05 0.8
62400 58240 2 2.04712e-05 0.8
62400 58800 2 2.04712e-05 0.8
62400 59360 2 1.73111e-05 0.8
62400 59920 2 1.73111e-05 0.8
62400 60480 2 1.50018e-05 0.8
62400 61040 2 4.8088e-05 0.8
62400 61600 2 4.19311e-05 0.8
62400 62160 2 4.19311e-05 0.8
62400 62720 2 4.08895e-05 0.8
62400 63280 2 4.08895e-05 0.8
62400 63840 2 3.89145e-05 0.8
62400 64400 2 3.89145e-05 0.8
62400 64960 2 3.64315e-05 0.8
62400 65520 2 3.64315e-05 0.8
62400 66080 2 3.32075e-05 0.8
62400 66640 2 3.32075e-05 0.8
62400 67200 2 3.03433e-05 0.8
62400 67760 2 3.03433e-05 0.8
62400 68320 2 2.80253e-05 0.8
62400 68880 2 2.80253e-05 0.8
62400 69440 2 2.60391e-05 0.8
62400 70000 2 2.60391e-05 0.8
62400 70560 2 2.38752e-05 0.8
62400 71120 2 2.38752e-05 0.8
62400 71680 2 2.10973e-05 0.8
62400 72240 2 2.10973e-05 0.8
62400 72800 2 1.83542e-05 0.8
62400 73360 2 1.83542e-05 0.8
62400 73920 2 1.58467e-05 0.8
62400 74480 2 1.58467e-05 0.8
62400 75040 2 1.34531e-05 0.8
62400 75600 2 1.34531e-05 0.8
62400 76160 2 1.0404e-05 0.8
62400 76720 2 1.0404e-05 0.8
62400 77280 2 6.09392e-06 0.8
62400 77840 2 1.0882e-05 0.8
62400 78400 2 0 0.8
62400 78960 2 0 0.8
62400 79520 2 0 0.8
64000 0 2 0 0.8
64000 560 2 5.53239e-07 0.8
64000 1120 2 3.09814e-07 0.8
64000 1680 2 1.81586e-06 0.8
64000 2240 2 7.07066e-07 0.8
64000 2800 2 1.26262e-06 0.8
64000 8400 2 2.22045e-16 0.8
64000 8960 2 0 0.8
64000 14560 2 0 0.8
64000 15120 2 6.8873e-06 0.8
64000 15680 2 3.85689e-06 0.8
64000 16240 2 6.8873e-06 0.8
64000 16800 2 0 0.8
64000 22400 2 0 0.8
64000 22960 2 1.11022e-16 0.8
64000 34160 2 2.22045e-16 0.8
64000 34720 2 0 0.8
64000 45920 2 0 0.8
64000 46480 2 4.80013e-05 0.8
64000 47040 2 2.68807e-05 0.8
64000 47600 2 4.30646e-05 0.8
64000 48160 2 4.30646e-05 0.8
64000 48720 2 5.22051e-05 0.8
64000 49280 2 5.22051e-05 0.8
64000 49840 2 5.24132e-05 0.8
64000 50400 2 5.24132e-05 0.8
64000 50960 2 5.24132e-05 0.8
64000 51520 2 5.00601e-05 0.8
64000 52080 2 5.00601e-05 0.8
64000 52640 2 4.66561e-05 0.8
64000 53200 2 4.66561e-05 0.8
64000 53760 2 4.2383e-05 0.8
64000 54320 2 4.2383e-05 0.8
64000 54880 2 3.74387e-05 0.8
64000 55440 2 3.74387e-05 0.8
64000 56000 2 3.24392e-05 0.8
64000 56560 2 3.24392e-05 0.8
64000 57120 2 2.91668e-05 0.8
64000 57680 2 2.91668e-05 0.8
64000 58240 2 2.70061e-05 0.8
64000 58800 2 2.70061e-05 0.8
64000 59360 2 2.56885e-05 0.8
64000 59920 2 2.56885e-05 0.8
64000 60480 2 2.52471e-05 0.8
64000 61040 2 3.1481e-05 0.8
64000 61600 2 3.1481e-05 0.8
64000 62160 2 3.21937e-05 0.8
64000 62720 2 3.21937e-05 0.8
64000 63280 2 3.21937e-05 0.8
64000 63840 2 3.21128e-05 0.8
64000 64400 2 3.21128e-05 0.8
64000 64960 2 3.1251e-05 0.8
64000 65520 2 3.1251e-05 0.8
64000 66080 2 2.93208e-05 0.8
64000 66640 2 2.93208e-05 0.8
64000 67200 2 2.73958e-05 0.8
64000 67760 2 2.73958e-05 0.8
64000 68320 2 2.57723e-05 0.8
64000 68880 2 2.57723e-05 0.8
64000 69440 2 2.43079e-05 0.8
64000 70000 2 2.43079e-05 0.8
64000 70560 2 2.25447e-05 0.8
64000 71120 2 2.25447e-05 0.8
64000 71680 2 2.00698e-05 0.8
64000 72240 2 2.00698e-05 0.8
64000 72800 2 1.75678e-05 0.8
64000 73360 2 1.75678e-05 0.8
64000 73920 2 1.52628e-05 0.8
64000 74480 2 1.52628e-05 0.8
64000 75040 2 1.30444e-05 0.8
64000 75600 2 1.30444e-05 0.8
64000 76160 2 1.0144e-05 0.8
64000 76720 2 1.0144e-05 0.8
64000 77280 2 5.95828e-06 0.8
64000 77840 2 1.06398e-05 0.8
64000 78400 2 0 0.8
64000 78960 2 0 0.8
64000 79520 2 0 0.8
65600 0 2 0 0.8
65600 560 2 5.23745e-06 0.8
65600 1120 2 2.93297e-06 0.8
65600 1680 2 6.40321e-06 0.8
65600 2240 2 6.52828e-07 0.8
65600 2800 2 1.16576e-06 0.8
65600 8400 2 1.11022e-16 0.8
65600 8960 2 0 0.8
65600 14560 2 0 0.8
65600 15120 2 5.0963e-06 0.8
65600 15680 2 2.85393e-06 0.8
65600 16240 2 5.0963e-06 0.8
65600 16800 2 0 0.8
65600 22400 2 0 0.8
65600 22960 2 1.11022e-16 0.8
65600 34160 2 1.11022e-16 0.8
65600 34720 2 0 0.8
65600 45920 2 0 0.8
65600 46480 2 3.98646e-05 0.8
65600 47040 2 2.23242e-05 0.8
65600 47600 2 4.65618e-05 0.8
65600 48160 2 4.65618e-05 0.8
65600 48720 2 6.62973e-05 0.8
65600 49280 2 6.62973e-05 0.8
65600 49840 2 6.62973e-05 0.8
65600 50400 2 6.52229e-05 0.8
65600 50960 2 6.52229e-05 0.8
65600 51520 2 5.93789e-05 0.8
65600 52080 2 5.93789e-05 0.8
65600 52640 2 5.30822e-05 0.8
65600 53200 2 5.30822e-05 0.8
65600 53760 2 4.68917e-05 0.8
65600 54320 2 4.68917e-05 0.8
65600 54880 2 4.086e-05 0.8
65600 55440 2 4.086e-05 0.8
65600 56000 2 3.53739e-05 0.8
65600 56560 2 3.53739e-05 0.8
65600 57120 2 3.20101e-05 0.8
65600 57680 2 3.20101e-05 0.8
65600 58240 2 2.98977e-05 0.8
65600 58800 2 2.98977e-05 0.8
65600 59360 2 2.85031e-05 0.8
65600 59920 2 2.85031e-05 0.8
65600 60480 2 2.74735e-05 0.8
65600 61040 2 2.82257e-05 0.8
65600 61600 2 2.82257e-05 0.8
65600 62160 2 2.8375e-05 0.8
65600 62720 2 2.8375e-05 0.8
65600 63280 2 2.8375e-05 0.8
65600 63840 2 2.83744e-05 0.8
65600 64400 2 2.83744e-05 0.8
65600 64960 2 2.78883e-05 0.8
65600 65520 2 2.78883e-05 0.8
65600 66080 2 2.64467e-05 0.8
65600 66640 2 2.64467e-05 0.8
65600 67200 2 2.49965e-05 0.8
65600 67760 2 2.49965e-05 0.8
65600 68320 2 2.38129e-05 0.8
65600 68880 2 2.38129e-05 0.8
65600 69440 2 2.27456e-05 0.8
65600 70000 2 2.27456e-05 0.8
65600 70560 2 2.13327e-05 0.8
65600 71120 2 2.13327e-05 0.8
65600 71680 2 1.91463e-05 0.8
65600 72240 2 1.91463e-05 0.8
65600 72800 2 1.68976e-05 0.8
65600 73360 2 1.68976e-05 0.8
65600 73920 2 1.48199e-05 0.8
65600 74480 2 1.48199e-05 0.8
65600 75040 2 1.28014e-05 0.8
65600 75600 2 1.28014e-05 0.8
65600 76160 2 1.0048e-05 0.8
65600 76720 2 1.0048e-05 0.8
65600 77280 2 5.93471e-06 0.8
65600 77840 2 1.05977e-05 0.8
65600 78400 2 0 0.8
65600 78960 2 0 0.8
65600 79520 2 0 0.8
67200 8400 2 1.11022e-16 0.8
67200 8960 2 0 0.8
67200 14560 2 0 0.8
67200 15120 2 3.52822e-06 0.8
67200 15680 2 1.9758e-06 0.8
67200 16240 2 3.52822e-06 0.8
67200 16800 2 0 0.8
67200 22400 2 0 0.8
67200 22960 2 1.11022e-16 0.8
67200 34160 2 0.146187 0.8
67200 34720 2 0 0.8
67200 45920 2 0 0.8
67200 46480 2 0.000380311 0.8
67200 47040 2 0.000212974 0.8
67200 47600 2 0.000737614 0.8
67200 48160 2 0.0159093 0.8
67200 48720 2 0.000773962 0.8
67200 49280 2 0.000379966 0.8
67200 49840 2 0.000379966 0.8
67200 50400 2 0.000201127 0.8
67200 50960 2 0.000201127 0.8
67200 51520 2 0.000118596 0.8
67200 52080 2 0.000118596 0.8
67200 52640 2 7.91234e-05 0.8
67200 53200 2 7.91234e-05 0.8
67200 53760 2 5.85156e-05 0.8
67200 54320 2 5.85156e-05 0.8
67200 54880 2 4.6216e-05 0.8
67200 55440 2 4.6216e-05 0.8
67200 56000 2 3.80175e-05 0.8
67200 56560 2 3.80175e-05 0.8
67200 57120 2 3.34895e-05 0.8
67200 57680 2 3.34895e-05 0.8
67200 58240 2 3.08038e-05 0.8
67200 58800 2 3.08038e-05 0.8
67200 59360 2 2.8954e-05 0.8
67200 59920 2 2.8954e-05 0.8
67200 60480 2 2.7298e-05 0.8
67200 61040 2 2.7298e-05 0.8
67200 61600 2 2.63942e-05 0.8
67200 62160 2 2.63942e-05 0.8
67200 62720 2 2.60212e-05 0.8
67200 63280 2 2.60212e-05 0.8
67200 63840 2 2.58566e-05 0.8
67200 64400 2 2.58566e-05 0.8
67200 64960 2 2.54426e-05 0.8
67200 65520 2 2.54426e-05 0.8
67200 66080 2 2.42065e-05 0.8
67200 66640 2 2.42065e-05 0.8
67200 67200 2 2.30196e-05 0.8
67200 67760 2 2.30196e-05 0.8
67200 68320 2 2.21307e-05 0.8
67200 68880 2 2.21307e-05 0.8
67200 69440 2 2.13739e-05 0.8
67200 70000 2 2.13739e-05 0.8
67200 70560 2 2.02735e-05 0.8
67200 71120 2 2.02735e-05 0.8
67200 71680 2 1.83776e-05 0.8
67200 72240 2 1.83776e-05 0.8
67200 72800 2 1.64144e-05 0.8
67200 73360 2 1.64144e-05 0.8
67200 73920 2 1.45922e-05 0.8
67200 74480 2 1.45922e-05 0.8
67200 75040 2 1.27843e-05 0.8
67200 75600 2 1.27843e-05 0.8
67200 76160 2 1.01549e-05 0.8
67200 76720 2 1.01549e-05 0.8
67200 77280 2 6.04628e-06 0.8
67200 77840 2 1.07969e-05 0.8
67200 78400 2 0 0.8
67200 78960 2 0 0.8
67200 79520 2 0 0.8
68800 8400 2 2.22045e-16 0.8
68800 8960 2 0 0.8
68800 14560 2 0 0.8
68800 15120 2 3.86007e-06 0.8
68800 15680 2 2.16164e-06 0.8
68800 16240 2 3.86007e-06 0.8
68800 16800 2 0 0.8
68800 22400 2 0 0.8
68800 22960 2 1.11022e-16 0.8
68800 34160 2 2.22045e-16 0.8
68800 34720 2 0 0.8
68800 45920 2 0 0.8
68800 46480 2 1.11022e-16 0.8
68800 47600 2 6.1326e-05 0.8
68800 48160 2 3.43426e-05 0.8
68800 48720 2 5.85037e-05 0.8
68800 49280 2 5.85037e-05 0.8
68800 49840 2 5.98829e-05 0.8
68800 50400 2 5.98829e-05 0.8
68800 50960 2 5.98829e-05 0.8
68800 51520 2 5.55879e-05 0.8
68800 52080 2 5.55879e-05 0.8
68800 52640 2 5.0378e-05 0.8
68800 53200 2 5.0378e-05 0.8
68800 53760 2 4.49877e-05 0.8
68800 54320 2 4.49877e-05 0.8
68800 54880 2 3.95429e-05 0.8
68800 55440 2 3.95429e-05 0.8
68800 56000 2 3.44716e-05 0.8
68800 56560 2 3.44716e-05 0.8
68800 57120 2 3.13862e-05 0.8
68800 57680 2 3.13862e-05 0.8
68800 58240 2 2.93227e-05 0.8
68800 58800 2 2.93227e-05 0.8
68800 59360 2 2.76348e-05 0.8
68800 59920 2 2.76348e-05 0.8
68800 60480 2 2.5822e-05 0.8
68800 61040 2 2.5822e-05 0.8
68800 61600 2 2.44423e-05 0.8
68800 62160 2 2.44423e-05 0.8
68800 62720 2 2.38682e-05 0.8
68800 63280 2 2.38682e-05 0.8
68800 63840 2 2.36735e-05 0.8
68800 64400 2 2.36735e-05 0.8
68800 64960 2 2.33665e-05 0.8
68800 65520 2 2.33665e-05 0.8
68800 66080 2 2.22601e-05 0.8
68800 66640 2 2.22601e-05 0.8
68800 67200 2 2.12424e-05 0.8
68800 67760 2 2.12424e-05 0.8
68800 68320 2 2.05748e-05 0.8
68800 68880 2 2.05748e-05 0.8
68800 69440 2 2.00929e-05 0.8
68800 70000 2 2.00929e-05 0.8
68800 70560 2 1.93091e-05 0.8
68800 71120 2 1.93091e-05 0.8
68800 71680 2 1.77441e-05 0.8
68800 72240 2 1.77441e-05 0.8
68800 72800 2 1.61701e-05 0.8
68800 73360 2 1.61701e-05 0.8
68800 73920 2 1.46745e-05 0.8
68800 74480 2 1.46745e-05 0.8
68800 75040 2 1.3108e-05 0.8
68800 75600 2 1.3108e-05 0.8
68800 76160 2 1.05704e-05 0.8
68800 76720 2 1.05704e-05 0.8
68800 77280 2 6.35841e-06 0.8
68800 77840 2 1.13543e-05 0.8
68800 78400 2 0 0.8
68800 78960 2 0 0.8
68800 79520 2 0 0.8
70400 8400 2 2.22045e-16 0.8
70400 8960 2 0 0.8
70400 14560 2 0 0.8
70400 15120 2 5.0949e-06 0.8
70400 15680 2 2.85315e-06 0.8
70400 16240 2 5.0949e-06 0.8
70400 16800 2 0 0.8
70400 22400 2 0 0.8
70400 22960 2 2.22045e-16 0.8
70400 34160 2 2.22045e-16 0.8
70400 34720 2 0 0.8
70400 45920 2 0 0.8
70400 46480 2 4.63507e-05 0.8
70400 47040 2 2.59564e-05 0.8
70400 47600 2 3.7829e-05 0.8
70400 48160 2 3.7829e-05 0.8
70400 48720 2 4.5063e-05 0.8
70400 49280 2 4.5063e-05 0.8
70400 49840 2 4.553e-05 0.8
70400 50400 2 4.553e-05 0.8
70400 50960 2 4.553e-05 0.8
70400 51520 2 4.42728e-05 0.8
70400 52080 2 4.42728e-05 0.8
70400 52640 2 4.22182e-05 0.8
70400 53200 2 4.22182e-05 0.8
70400 53760 2 3.92436e-05 0.8
70400 54320 2 3.92436e-05 0.8
70400 54880 2 3.54083e-05 0.8
70400 55440 2 3.54083e-05 0.8
70400 56000 2 3.13224e-05 0.8
70400 56560 2 3.13224e-05 0.8
70400 57120 2 2.88481e-05 0.8
70400 57680 2 2.88481e-05 0.8
70400 58240 2 2.71152e-05 0.8
70400 58800 2 2.71152e-05 0.8
70400 59360 2 2.55322e-05 0.8
70400 59920 2 2.55322e-05 0.8
70400 60480 2 2.36286e-05 0.8
70400 61040 2 2.36286e-05 0.8
70400 61600 2 2.20691e-05 0.8
70400 62160 2 2.20691e-05 0.8
70400 62720 2 2.14734e-05 0.8
70400 63280 2 2.14734e-05 0.8
70400 63840 2 2.14203e-05 0.8
70400 64400 2 2.14203e-05 0.8
70400 64960 2 2.14086e-05 0.8
70400 65520 2 2.14086e-05 0.8
70400 66080 2 2.04246e-05 0.8
70400 66640 2 2.04246e-05 0.8
70400 67200 2 1.94954e-05 0.8
70400 67760 2 1.94954e-05 0.8
70400 68320 2 1.89593e-05 0.8
70400 68880 2 1.89593e-05 0.8
70400 69440 2 1.86979e-05 0.8
70400 70000 2 1.86979e-05 0.8
70400 70560 2 1.82423e-05 0.8
70400 71120 2 1.82423e-05 0.8
70400 71680 2 1.71316e-05 0.8
70400 72240 2 1.71316e-05 0.8
70400 72800 2 1.62871e-05 0.8
70400 73360 2 1.62871e-05 0.8
70400 73920 2 1.52884e-05 0.8
70400 74480 2 1.52884e-05 0.8
70400 75040 2 1.40048e-05 0.8
70400 75600 2 1.40048e-05 0.8
70400 76160 2 1.14779e-05 0.8
70400 76720 2 1.14779e-05 0.8
70400 77280 2 6.9758e-06 0.8
70400 77840 2 1.24568e-05 0.8
70400 78400 2 0 0.8
70400 78960 2 0 0.8
70400 79520 2 0 0.8
72000 16240 2 2.22045e-16 0.8
72000 16800 2 0 0.8
72000 22400 2 0 0.8
72000 22960 2 1.11022e-16 0.8
72000 34160 2 2.22045e-16 0.8
72000 34720 2 0 0.8
72000 45920 2 0 0.8
72000 46480 2 4.23767e-05 0.8
72000 47040 2 2.3731e-05 0.8
72000 47600 2 3.43765e-05 0.8
72000 48160 2 3.43765e-05 0.8
72000 48720 2 3.89489e-05 0.8
72000 49280 2 3.89489e-05 0.8
72000 49840 2 3.9219e-05 0.8
72000 50400 2 3.9219e-05 0.8
72000 50960 2 3.9219e-05 0.8
72000 51520 2 3.87517e-05 0.8
72000 52080 2 3.87517e-05 0.8
72000 52640 2 3.76489e-05 0.8
72000 53200 2 3.76489e-05 0.8
72000 53760 2 3.54686e-05 0.8
72000 54320 2 3.54686e-05 0.8
72000 54880 2 3.21525e-05 0.8
72000 55440 2 3.21525e-05 0.8
72000 56000 2 2.83402e-05 0.8
72000 56560 2 2.83402e-05 0.8
72000 57120 2 2.61036e-05 0.8
72000 57680 2 2.61036e-05 0.8
72000 58240 2 2.44927e-05 0.8
72000 58800 2 2.44927e-05 0.8
72000 59360 2 2.28834e-05 0.8
72000 59920 2 2.28834e-05 0.8
72000 60480 2 2.07813e-05 0.8
72000 61040 2 2.07813e-05 0.8
72000 61600 2 1.9016e-05 0.8
72000 62160 2 1.9016e-05 0.8
72000 62720 2 1.84553e-05 0.8
72000 63280 2 1.87704e-05 0.8
72000 63840 2 1.87704e-05 0.8
72000 64400 2 1.95887e-05 0.8
72000 64960 2 1.95887e-05 0.8
72000 65520 2 1.95887e-05 0.8
72000 66080 2 1.87298e-05 0.8
72000 66640 2 1.87298e-05 0.8
72000 67200 2 1.76869e-05 0.8
72000 67760 2 1.76869e-05 0.8
72000 68320 2 1.7019e-05 0.8
72000 68880 2 1.7019e-05 0.8
72000 69440 2 1.67554e-05 0.8
72000 70000 2 1.67554e-05 0.8
72000 70560 2 1.65446e-05 0.8
72000 71120 2 1.65446e-05 0.8
72000 71680 2 1.61551e-05 0.8
72000 72240 2 1.71397e-05 0.8
72000 72800 2 1.71397e-05 0.8
72000 73360 2 1.71397e-05 0.8
72000 73920 2 1.70142e-05 0.8
72000 74480 2 1.70142e-05 0.8
72000 75040 2 1.60084e-05 0.8
72000 75600 2 1.60084e-05 0.8
72000 76160 2 1.32577e-05 0.8
72000 76720 2 1.32577e-05 0.8
72000 77280 2 8.10405e-06 0.8
72000 77840 2 1.44715e-05 0.8
72000 78400 2 0 0.8
72000 78960 2 0 0.8
72000 79520 2 0 0.8
73600 1680 2 1.04021e-05 0.8
73600 2240 2 5.82518e-06 0.8
73600 2800 2 1.04021e-05 0.8
73600 8400 2 2.22045e-16 0.8
73600 8960 2 0 0.8
73600 14560 2 0 0.8
73600 15120 2 6.92194e-06 0.8
73600 15680 2 3.87629e-06 0.8
73600 16240 2 6.92194e-06 0.8
73600 16800 2 0 0.8
73600 22400 2 0 0.8
73600 22960 2 2.22045e-16 0.8
73600 34160 2 1.11022e-16 0.8
73600 34720 2 0 0.8
73600 45920 2 0 0.8
73600 46480 2 3.78317e-05 0.8
73600 47040 2 2.11858e-05 0.8
73600 47600 2 3.23497e-05 0.8
73600 48160 2 3.23497e-05 0.8
73600 48720 2 3.76187e-05 0.8
73600 49280 2 3.76187e-05 0.8
73600 49840 2 3.77606e-05 0.8
73600 50400 2 3.77606e-05 0.8
73600 50960 2 3.77606e-05 0.8
73600 51520 2 3.70425e-05 0.8
73600 52080 2 3.70425e-05 0.8
73600 52640 2 3.57384e-05 0.8
73600 53200 2 3.57384e-05 0.8
73600 53760 2 3.34012e-05 0.8
73600 54320 2 3.34012e-05 0.8
73600 54880 2 2.99356e-05 0.8
73600 55440 2 2.99356e-05 0.8
73600 56000 2 2.5954e-05 0.8
73600 56560 2 2.5954e-05 0.8
73600 57120 2 2.35179e-05 0.8
73600 57680 2 2.35179e-05 0.8
73600 58240 2 2.16245e-05 0.8
73600 58800 2 2.16245e-05 0.8
73600 59360 2 1.96047e-05 0.8
73600 59920 2 1.96047e-05 0.8
73600 60480 2 1.69447e-05 0.8
73600 61040 2 1.69447e-05 0.8
73600 61600 2 1.46e-05 0.8
73600 62160 2 1.46e-05 0.8
73600 62720 2 1.37901e-05 0.8
73600 63280 2 1.4789e-05 0.8
73600 63840 2 1.4789e-05 0.8
73600 64400 2 1.84794e-05 0.8
73600 64960 2 1.84794e-05 0.8
73600 65520 2 1.84794e-05 0.8
73600 66080 2 1.78228e-05 0.8
73600 66640 2 1.78228e-05 0.8
73600 67200 2 1.59655e-05 0.8
73600 67760 2 1.59655e-05 0.8
73600 68320 2 1.41208e-05 0.8
73600 68880 2 1.41208e-05 0.8
73600 69440 2 1.27559e-05 0.8
73600 70000 2 1.27559e-05 0.8
73600 70560 2 1.20499e-05 0.8
73600 71120 2 1.30745e-05 0.8
73600 71680 2 1.30745e-05 0.8
73600 72240 2 2.03721e-05 0.8
73600 72800 2 2.03721e-05 0.8
73600 73360 2 2.19194e-05 0.8
73600 73920 2 2.19194e-05 0.8
73600 74480 2 2.19194e-05 0.8
73600 75040 2 2.05711e-05 0.8
73600 75600 2 2.05711e-05 0.8
73600 76160 2 1.66169e-05 0.8
73600 76720 2 1.66169e-05 0.8
73600 77280 2 9.95144e-06 0.8
73600 77840 2 1.77704e-05 0.8
73600 78400 2 0 0.8
73600 78960 2 0 0.8
73600 79520 2 0 0.8
75200 8400 2 1.11022e-16 0.8
75200 8960 2 0 0.8
75200 14560 2 0 0.8
75200 15120 2 7.70571e-06 0.8
75200 15680 2 4.3152e-06 0.8
75200 16240 2 7.70571e-06 0.8
75200 16800 2 0 0.8
75200 22400 2 0 0.8
75200 22960 2 1.11022e-16 0.8
75200 34160 2 1.11022e-16 0.8
75200 34720 2 0 0.8
75200 45920 2 0 0.8
75200 46480 2 2.99476e-05 0.8
75200 47040 2 1.67707e-05 0.8
75200 47600 2 3.24514e-05 0.8
75200 48160 2 3.24514e-05 0.8
75200 48720 2 4.31677e-05 0.8
75200 49280 2 4.31677e-05 0.8
75200 49840 2 4.31677e-05 0.8
75200 50400 2 4.2512e-05 0.8
75200 50960 2 4.2512e-05 0.8
75200 51520 2 3.97563e-05 0.8
75200 52080 2 3.97563e-05 0.8
75200 52640 2 3.66895e-05 0.8
75200 53200 2 3.66895e-05 0.8
75200 53760 2 3.31102e-05 0.8
75200 54320 2 3.31102e-05 0.8
75200 54880 2 2.88415e-05 0.8
75200 55440 2 2.88415e-05 0.8
75200 56000 2 2.42879e-05 0.8
75200 56560 2 2.42879e-05 0.8
75200 57120 2 2.12056e-05 0.8
75200 57680 2 2.12056e-05 0.8
75200 58240 2 1.84961e-05 0.8
75200 58800 2 1.84961e-05 0.8
75200 59360 2 1.53622e-05 0.8
75200 59920 2 1.53622e-05 0.8
75200 60480 2 1.11556e-05 0.8
75200 61040 2 1.11556e-05 0.8
75200 61600 2 6.81236e-06 0.8
75200 62160 2 6.81236e-06 0.8
75200 62720 2 4.2463e-06 0.8
75200 63280 2 6.2639e-06 0.8
75200 63840 2 6.2639e-06 0.8
75200 64400 2 2.69211e-05 0.8
75200 64960 2 2.13397e-05 0.8
75200 65520 2 2.13397e-05 0.8
75200 66080 2 2.06462e-05 0.8
75200 66640 2 2.06462e-05 0.8
75200 67200 2 1.54316e-05 0.8
75200 67760 2 1.54316e-05 0.8
75200 68320 2 9.07647e-06 0.8
75200 68880 2 1.11543e-05 0.8
75200 69440 2 2.83007e-06 0.8
75200 70000 2 8.36433e-06 0.8
75200 70560 2 1.85396e-06 0.8
75200 71120 2 5.46342e-06 0.8
75200 71680 2 1.20556e-06 0.8
75200 72240 2 5.59952e-05 0.8
75200 72800 2 3.25629e-05 0.8
75200 73360 2 3.67489e-05 0.8
75200 73920 2 3.67489e-05 0.8
75200 74480 2 3.67489e-05 0.8
75200 75040 2 3.20301e-05 0.8
75200 75600 2 3.20301e-05 0.8
75200 76160 2 2.37973e-05 0.8
75200 76720 2 2.37973e-05 0.8
75200 77280 2 1.34561e-05 0.8
75200 77840 2 2.40288e-05 0.8
75200 78400 2 0 0.8
75200 78960 2 0 0.8
75200 79520 2 0 0.8
76800 0 2 0 0.8
76800 560 2 4.71692e-06 0.8
76800 1120 2 2.64148e-06 0.8
76800 1680 2 2.75113e-06 0.8
76800 2240 2 2.75113e-06 0.8
76800 2800 2 4.91274e-06 0.8
76800 8400 2 0.14054 0.8
76800 8960 2 0 0.8
76800 14560 2 0 0.8
76800 15120 2 8.90846e-06 0.8
76800 15680 2 4.98874e-06 0.8
76800 16240 2 8.90846e-06 0.8
76800 16800 2 0 0.8
76800 22400 2 0 0.8
76800 22960 2 2.22045e-16 0.8
76800 34160 2 0.02264 0.8
76800 34720 2 0 0.8
76800 45920 2 0 0.8
76800 46480 2 0.000192196 0.8
76800 47040 2 0.00010763 0.8
76800 47600 2 0.000355769 0.8
76800 48160 2 0.011448 0.8
76800 48720 2 0.000393139 0.8
76800 49280 2 0.000198419 0.8
76800 49840 2 0.000198419 0.8
76800 50400 2 0.000109274 0.8
76800 50960 2 0.000109274 0.8
76800 51520 2 6.81293e-05 0.8
76800 52080 2 6.81293e-05 0.8
76800 52640 2 4.82879e-05 0.8
76800 53200 2 4.82879e-05 0.8
76800 53760 2 3.7294e-05 0.8
76800 54320 2 3.7294e-05 0.8
76800 54880 2 2.96597e-05 0.8
76800 55440 2 2.96597e-05 0.8
76800 56000 2 2.33506e-05 0.8
76800 56560 2 2.33506e-05 0.8
76800 57120 2 1.87481e-05 0.8
76800 57680 2 1.87481e-05 0.8
76800 58240 2 1.37609e-05 0.8
76800 58800 2 1.37609e-05 0.8
76800 59360 2 6.07019e-06 0.8
76800 59920 2 2.54022e-05 0.8
76800 60480 2 8.15505e-06 0.8
76800 61040 2 4.8284e-05 0.8
76800 61600 2 3.51941e-05 0.8
76800 62160 2 9.7306e-05 0.8
76800 62720 2 8.96855e-05 0.8
76800 63280 2 0.000210528 0.8
76800 63840 2 0.000207581 0.8
76800 64400 2 0.004784 0.8
76800 64960 2 0.000228241 0.8
76800 65520 2 0.000228241 0.8
76800 66080 2 0.000104254 0.8
76800 66640 2 0.000116946 0.8
76800 67200 2 3.8764e-05 0.8
76800 67760 2 8.66473e-05 0.8
76800 68320 2 9.75848e-06 0.8
76800 68880 2 0.000108914 0.8
76800 69440 2 7.07506e-05 0.8
76800 70000 2 0.000200358 0.8
76800 70560 2 0.000182951 0.8
76800 71120 2 0.000423947 0.8
76800 71680 2 0.000420361 0.8
76800 72240 2 0.002904 0.8
76800 72800 2 0.00045527 0.8
76800 73360 2 0.00045527 0.8
76800 73920 2 0.000220696 0.8
76800 74480 2 0.000220696 0.8
76800 75040 2 0.000112296 0.8
76800 75600 2 0.000112296 0.8
76800 76160 2 5.81087e-05 0.8
76800 76720 2 5.81087e-05 0.8
76800 77280 2 2.62199e-05 0.8
76800 77840 2 4.68212e-05 0.8
76800 78400 2 0 0.8
76800 78960 2 0 0.8
76800 79520 2 0 0.8
78400 0 2 0 0.8
78400 560 2 8.75926e-06 0.8
78400 1120 2 4.90518e-06 0.8
78400 1680 2 1.105e-05 0.8
78400 2240 2 1.105e-05 0.8
78400 2800 2 2.0186e-05 0.8
78400 3360 2 2.0186e-05 0.8
78400 3920 2 3.18161e-05 0.8
78400 4480 2 3.18161e-05 0.8
78400 5040 2 5.06886e-05 0.8
78400 5600 2 5.06886e-05 0.8
78400 6160 2 8.21339e-05 0.8
78400 6720 2 8.21339e-05 0.8
78400 7280 2 0.00013538 0.8
78400 7840 2 0.00013538 0.8
78400 8400 2 0.000553495 0.8
78400 8960 2 0.000174577 0.8
78400 9520 2 0.000174577 0.8
78400 10080 2 0.000118337 0.8
78400 10640 2 0.000118337 0.8
78400 11200 2 8.50317e-05 0.8
78400 11760 2 8.50317e-05 0.8
78400 12320 2 6.42729e-05 0.8
78400 12880 2 6.42729e-05 0.8
78400 13440 2 4.87147e-05 0.8
78400 14000 2 4.87147e-05 0.8
78400 14560 2 3.42415e-05 0.8
78400 15120 2 3.42415e-05 0.8
78400 15680 2 1.77068e-05 0.8
78400 16240 2 3.16192e-05 0.8
78400 16800 2 0 0.8
78400 22400 2 0 0.8
78400 22960 2 1.11022e-16 0.8
78400 34160 2 2.22045e-16 0.8
78400 34720 2 0 0.8
78400 45920 2 0 0.8
78400 46480 2 2.56201e-05 0.8
78400 47040 2 1.43473e-05 0.8
78400 47600 2 2.92404e-05 0.8
78400 48160 2 2.92404e-05 0.8
78400 48720 2 3.98195e-05 0.8
78400 49280 2 3.98195e-05 0.8
78400 49840 2 3.98195e-05 0.8
78400 50400 2 3.92253e-05 0.8
78400 50960 2 3.92253e-05 0.8
78400 51520 2 3.65069e-05 0.8
78400 52080 2 3.65069e-05 0.8
78400 52640 2 3.35029e-05 0.8
78400 53200 2 3.35029e-05 0.8
78400 53760 2 3.008e-05 0.8
78400 54320 2 3.008e-05 0.8
78400 54880 2 2.6073e-05 0.8
78400 55440 2 2.6073e-05 0.8
78400 56000 2 2.18319e-05 0.8
78400 56560 2 2.18319e-05 0.8
78400 57120 2 1.8924e-05 0.8
78400 57680 2 1.8924e-05 0.8
78400 58240 2 1.63191e-05 0.8
78400 58800 2 1.63191e-05 0.8
78400 59360 2 1.32598e-05 0.8
78400 59920 2 1.32598e-05 0.8
78400 60480 2 9.13066e-06 0.8
78400 61040 2 9.13066e-06 0.8
78400 61600 2 4.84638e-06 0.8
78400 62160 2 4.84638e-06 0.8
78400 62720 2 2.30606e-06 0.8
78400 63280 2 4.38984e-06 0.8
78400 63840 2 4.38984e-06 0.8
78400 64400 2 2.7393e-05 0.8
78400 64960 2 1.97299e-05 0.8
78400 65520 2 1.97299e-05 0.8
78400 66080 2 1.91209e-05 0.8
78400 66640 2 1.91209e-05 0.8
78400 67200 2 1.39251e-05 0.8
78400 67760 2 1.39251e-05 0.8
78400 68320 2 7.56727e-06 0.8
78400 68880 2 1.11583e-05 0.8
78400 69440 2 1.31862e-06 0.8
78400 70000 2 8.28296e-06 0.8
78400 70560 2 3.31984e-06 0.8
78400 71120 2 5.79583e-06 0.8
78400 71680 2 7.41716e-08 0.8
78400 72240 2 5.70264e-05 0.8
78400 72800 2 3.18606e-05 0.8
78400 73360 2 3.6197e-05 0.8
78400 73920 2 3.6197e-05 0.8
78400 74480 2 3.6197e-05 0.8
78400 75040 2 3.15007e-05 0.8
78400 75600 2 3.15007e-05 0.8
78400 76160 2 2.33348e-05 0.8
78400 76720 2 2.33348e-05 0.8
78400 77280 2 1.31475e-05 0.8
78400 77840 2 2.34778e-05 0.8
78400 78400 2 0 0.8
78400 78960 2 0 0.8
78400 79520 2 0 0.8
80000 0 2 0 0.8
80000 560 2 4.84931e-06 0.8
80000 1120 2 2.71562e-06 0.8
80000 1680 2 6.03978e-06 0.8
80000 2240 2 6.03978e-06 0.8
80000 2800 2 9.96888e-06 0.8
80000 3360 2 9.96888e-06 0.8
80000 3920 2 1.37592e-05 0.8
80000 4480 2 1.37592e-05 0.8
80000 5040 2 1.72805e-05 0.8
80000 5600 2 1.72805e-05 0.8
80000 6160 2 1.99614e-05 0.8
80000 6720 2 1.99614e-05 0.8
80000 7280 2 2.01782e-05 0.8
80000 7840 2 2.01782e-05 0.8
80000 8400 2 0.000135802 0.8
80000 8960 2 5.58711e-05 0.8
80000 9520 2 5.58711e-05 0.8
80000 10080 2 5.38164e-05 0.8
80000 10640 2 5.38164e-05 0.8
80000 11200 2 4.93786e-05 0.8
80000 11760 2 4.93786e-05 0.8
80000 12320 2 4.39349e-05 0.8
80000 12880 2 4.39349e-05 0.8
80000 13440 2 3.69491e-05 0.8
80000 14000 2 3.69491e-05 0.8
80000 14560 2 2.77279e-05 0.8
80000 15120 2 2.77279e-05 0.8
80000 15680 2 1.5431e-05 0.8
80000 16240 2 2.75553e-05 0.8
80000 16800 2 0 0.8
80000 22400 2 0 0.8
80000 22960 2 2.22045e-16 0.8
80000 34160 2 1.11022e-16 0.8
80000 34720 2 0 0.8
80000 45920 2 0 0.8
80000 46480 2 2.90651e-05 0.8
80000 47040 2 1.62765e-05 0.8
80000 47600 2 2.56646e-05 0.8
80000 48160 2 2.56646e-05 0.8
80000 48720 2 3.04481e-05 0.8
80000 49280 2 3.04481e-05 0.8
80000 49840 2 3.08179e-05 0.8
80000 50400 2 3.08179e-05 0.8
80000 50960 2 3.08179e-05 0.8
80000 51520 2 3.02104e-05 0.8
80000 52080 2 3.02104e-05 0.8
80000 52640 2 2.90439e-05 0.8
80000 53200 2 2.90439e-05 0.8
80000 53760 2 2.70783e-05 0.8
80000 54320 2 2.70783e-05 0.8
80000 54880 2 2.42708e-05 0.8
80000 55440 2 2.42708e-05 0.8
80000 56000 2 2.10725e-05 0.8
80000 56560 2 2.10725e-05 0.8
80000 57120 2 1.89696e-05 0.8
80000 57680 2 1.89696e-05 0.8
80000 58240 2 1.72284e-05 0.8
80000 58800 2 1.72284e-05 0.8
80000 59360 2 1.53432e-05 0.8
80000 59920 2 1.53432e-05 0.8
80000 60480 2 1.29398e-05 0.8
80000 61040 2 1.29398e-05 0.8
80000 61600 2 1.08313e-05 0.8
80000 62160 2 1.08313e-05 0.8
80000 62720 2 1.00965e-05 0.8
80000 63280 2 1.11393e-05 0.8
80000 63840 2 1.11393e-05 0.8
80000 64400 2 1.49708e-05 0.8
80000 64960 2 1.49708e-05 0.8
80000 65520 2 1.49708e-05 0.8
80000 66080 2 1.45961e-05 0.8
80000 66640 2 1.45961e-05 0.8
80000 67200 2 1.2944e-05 0.8
80000 67760 2 1.2944e-05 0.8
80000 68320 2 1.12018e-05 0.8
80000 68880 2 1.12018e-05 0.8
80000 69440 2 9.90965e-06 0.8
80000 70000 2 9.90965e-06 0.8
80000 70560 2 9.41013e-06 0.8
80000 71120 2 1.09507e-05 0.8
80000 71680 2 1.09507e-05 0.8
80000 72240 2 1.88728e-05 0.8
80000 72800 2 1.88728e-05 0.8
80000 73360 2 2.08733e-05 0.8
80000 73920 2 2.08733e-05 0.8
80000 74480 2 2.08733e-05 0.8
80000 75040 2 1.99598e-05 0.8
80000 75600 2 1.99598e-05 0.8
80000 76160 2 1.69528e-05 0.8
80000 76720 2 1.69528e-05 0.8
80000 77280 2 1.25306e-05 0.8
80000 77840 2 1.25306e-05 0.8
80000 78400 2 7.5774e-06 0.8
80000 78960 2 1.35311e-05 0.8
80000 79520 2 0 0.8
81600 0 2 0 0.8
81600 560 2 1.9954e-06 0.8
81600 1120 2 1.11743e-06 0.8
81600 1680 2 2.46585e-06 0.8
81600 2240 2 2.46585e-06 0.8
81600 2800 2 3.6875e-06 0.8
81600 3360 2 3.6875e-06 0.8
81600 3920 2 4.11567e-06 0.8
81600 4480 2 4.11567e-06 0.8
81600 5040 2 4.11567e-06 0.8
81600 5600 2 3.01592e-06 0.8
81600 6160 2 5.47025e-06 0.8
81600 6720 2 4.74219e-08 0.8
81600 7280 2 1.01383e-05 0.8
81600 7840 2 5.72487e-06 0.8
81600 8400 2 3.89132e-05 0.8
81600 8960 2 2.75162e-05 0.8
81600 9520 2 3.20159e-05 0.8
81600 10080 2 3.20159e-05 0.8
81600 10640 2 3.35376e-05 0.8
81600 11200 2 3.35376e-05 0.8
81600 11760 2 3.35376e-05 0.8
81600 12320 2 3.2679e-05 0.8
81600 12880 2 3.2679e-05 0.8
81600 13440 2 2.93141e-05 0.8
81600 14000 2 2.93141e-05 0.8
81600 14560 2 2.31337e-05 0.8
81600 15120 2 2.31337e-05 0.8
81600 15680 2 1.35773e-05 0.8
81600 16240 2 2.42452e-05 0.8
81600 16800 2 0 0.8
81600 22400 2 0 0.8
81600 22960 2 2.22045e-16 0.8
81600 34160 2 1.11022e-16 0.8
81600 34720 2 0 0.8
81600 45920 2 0 0.8
81600 46480 2 2.92097e-05 0.8
81600 47040 2 1.63574e-05 0.8
81600 47600 2 2.40449e-05 0.8
81600 48160 2 2.40449e-05 0.8
81600 48720 2 2.72155e-05 0.8
81600 49280 2 2.72155e-05 0.8
81600 49840 2 2.7699e-05 0.8
81600 50400 2 2.7699e-05 0.8
81600 50960 2 2.7699e-05 0.8
81600 51520 2 2.7519e-05 0.8
81600 52080 2 2.7519e-05 0.8
81600 52640 2 2.68258e-05 0.8
81600 53200 2 2.68258e-05 0.8
81600 53760 2 2.54202e-05 0.8
81600 54320 2 2.54202e-05 0.8
81600 54880 2 2.32876e-05 0.8
81600 55440 2 2.32876e-05 0.8
81600 56000 2 2.08029e-05 0.8
81600 56560 2 2.08029e-05 0.8
81600 57120 2 1.91337e-05 0.8
81600 57680 2 1.91337e-05 0.8
81600 58240 2 1.77811e-05 0.8
81600 58800 2 1.77811e-05 0.8
81600 59360 2 1.63996e-05 0.8
81600 59920 2 1.63996e-05 0.8
81600 60480 2 1.47349e-05 0.8
81600 61040 2 1.47349e-05 0.8
81600 61600 2 1.33653e-05 0.8
81600 62160 2 1.33653e-05 0.8
81600 62720 2 1.29117e-05 0.8
81600 63280 2 1.32485e-05 0.8
81600 63840 2 1.32485e-05 0.8
81600 64400 2 1.41967e-05 0.8
81600 64960 2 1.41967e-05 0.8
81600 65520 2 1.41967e-05 0.8
81600 66080 2 1.38147e-05 0.8
81600 66640 2 1.38147e-05 0.8
81600 67200 2 1.31673e-05 0.8
81600 67760 2 1.31673e-05 0.8
81600 68320 2 1.27291e-05 0.8
81600 68880 2 1.27291e-05 0.8
81600 69440 2 1.26342e-05 0.8
81600 70000 2 1.27808e-05 0.8
81600 70560 2 1.27808e-05 0.8
81600 71120 2 1.31883e-05 0.8
81600 71680 2 1.31883e-05 0.8
81600 72240 2 1.49744e-05 0.8
81600 72800 2 1.49744e-05 0.8
81600 73360 2 1.54301e-05 0.8
81600 73920 2 1.54301e-05 0.8
81600 74480 2 1.54301e-05 0.8
81600 75040 2 1.48434e-05 0.8
81600 75600 2 1.48434e-05 0.8
81600 76160 2 1.28967e-05 0.8
81600 76720 2 1.28967e-05 0.8
81600 77280 2 9.62582e-06 0.8
81600 77840 2 9.62582e-06 0.8
81600 78400 2 5.47667e-06 0.8
81600 78960 2 9.77977e-06 0.8
81600 79520 2 0 0.8
83200 0 2 0 0.8
83200 560 2 5.28141e-07 0.8
83200 1120 2 2.95759e-07 0.8
83200 1680 2 6.63722e-07 0.8
83200 2240 2 6.63722e-07 0.8
83200 2800 2 7.24994e-07 0.8
83200 3360 2 7.24994e-07 0.8
83200 3920 2 1.39848e-06 0.8
83200 4480 2 5.81539e-08 0.8
83200 5040 2 4.05073e-06 0.8
83200 5600 2 2.32656e-06 0.8
83200 6160 2 6.80328e-06 0.8
83200 6720 2 6.1364e-06 0.8
83200 7280 2 1.14048e-05 0.8
83200 7840 2 1.14048e-05 0.8
83200 8400 2 2.05273e-05 0.8
83200 8960 2 2.05273e-05 0.8
83200 9520 2 2.49188e-05 0.8
83200 10080 2 2.49188e-05 0.8
83200 10640 2 2.7344e-05 0.8
83200 11200 2 2.7344e-05 0.8
83200 11760 2 2.76764e-05 0.8
83200 12320 2 2.76764e-05 0.8
83200 12880 2 2.76764e-05 0.8
83200 13440 2 2.56398e-05 0.8
83200 14000 2 2.56398e-05 0.8
83200 14560 2 2.08684e-05 0.8
83200 15120 2 2.08684e-05 0.8
83200 15680 2 1.26934e-05 0.8
83200 16240 2 2.26667e-05 0.8
83200 16800 2 0 0.8
83200 22400 2 0 0.8
83200 22960 2 1.11022e-16 0.8
83200 34160 2 1.11022e-16 0.8
83200 34720 2 0 0.8
83200 45920 2 0 0.8
83200 46480 2 2.94424e-05 0.8
83200 47040 2 1.64877e-05 0.8
83200 47600 2 2.36206e-05 0.8
83200 48160 2 2.36206e-05 0.8
83200 48720 2 2.6282e-05 0.8
83200 49280 2 2.6282e-05 0.8
83200 49840 2 2.67149e-05 0.8
83200 50400 2 2.67149e-05 0.8
83200 50960 2 2.67149e-05 0.8
83200 51520 2 2.65452e-05 0.8
83200 52080 2 2.65452e-05 0.8
83200 52640 2 2.59188e-05 0.8
83200 53200 2 2.59188e-05 0.8
83200 53760 2 2.46936e-05 0.8
83200 54320 2 2.46936e-05 0.8
83200 54880 2 2.28666e-05 0.8
83200 55440 2 2.28666e-05 0.8
83200 56000 2 2.07421e-05 0.8
83200 56560 2 2.07421e-05 0.8
83200 57120 2 1.92656e-05 0.8
83200 57680 2 1.92656e-05 0.8
83200 58240 2 1.80634e-05 0.8
83200 58800 2 1.80634e-05 0.8
83200 59360 2 1.68741e-05 0.8
83200 59920 2 1.68741e-05 0.8
83200 60480 2 1.55021e-05 0.8
83200 61040 2 1.55021e-05 0.8
83200 61600 2 1.43823e-05 0.8
83200 62160 2 1.43823e-05 0.8
83200 62720 2 1.39366e-05 0.8
83200 63280 2 1.39631e-05 0.8
83200 63840 2 1.39631e-05 0.8
83200 64400 2 1.41709e-05 0.8
83200 64960 2 1.41709e-05 0.8
83200 65520 2 1.41709e-05 0.8
83200 66080 2 1.37893e-05 0.8
83200 66640 2 1.37893e-05 0.8
83200 67200 2 1.34176e-05 0.8
83200 67760 2 1.34176e-05 0.8
83200 68320 2 1.32958e-05 0.8
83200 68880 2 1.34134e-05 0.8
83200 69440 2 1.34134e-05 0.8
83200 70000 2 1.35548e-05 0.8
83200 70560 2 1.35548e-05 0.8
83200 71120 2 1.35548e-05 0.8
83200 71680 2 1.34943e-05 0.8
83200 72240 2 1.37078e-05 0.8
83200 72800 2 1.37078e-05 0.8
83200 73360 2 1.37078e-05 0.8
83200 73920 2 1.35233e-05 0.8
83200 74480 2 1.35233e-05 0.8
83200 75040 2 1.28261e-05 0.8
83200 75600 2 1.28261e-05 0.8
83200 76160 2 1.11264e-05 0.8
83200 76720 2 1.11264e-05 0.8
83200 77280 2 8.30643e-06 0.8
83200 77840 2 8.30643e-06 0.8
83200 78400 2 4.65123e-06 0.8
83200 78960 2 8.30577e-06 0.8
83200 79520 2 0 0.8
