8960 21571.2 8960 21571.2 0
80640 21571.2 80640 21571.2 0.00156522
44800 43142.4 44800 43142.4 0
44800 14380.8 44800 14380.8 0.00626087
35840 50332.8 35840 50332.8 0
62720 43142.4 62720 43142.4 0
80640 64713.6 80640 64713.6 0.00156522
44800 43142.4 44800 43142.4 0.00626087
62720 7190.4 62720 7190.4 0.00626087
44800 14380.8 44800 14380.8 0.00626087
80640 7190.4 80640 7190.4 0.00156522
62720 7190.4 62720 7190.4 0
44800 7190.4 44800 7190.4 0.00156522
17920 35952 17920 35952 0.00626087
35840 7190.4 35840 7190.4 0.00626087
44800 43142.4 44800 43142.4 0.00626087
53760 35952 53760 35952 0.00156522
8960 64713.6 8960 64713.6 0.00156522
8960 35952 8960 35952 0.00156522
17920 28761.6 17920 28761.6 0.00626087
