0 0 9 0.0391334 0
0 0 5 0.903229 1
0 0 6 0.908785 1
0 0 7 0.913709 1
0 0 8 0.918584 1
0 0 10 1 1
0 960 5 0.182533 0
0 960 7 0.101015 0
0 960 6 0.916376 1
0 960 8 0.921641 1
0 1706 8 0.963054 1
0 1706 9 0.967398 1
0 1706 10 0.972823 1
0 1920 5 0.923913 1
0 1920 6 0.923966 1
0 1920 7 0.924302 1
0 1920 8 0.924698 1
0 2880 5 0.078294 0
0 2880 7 0.0771766 0
0 2880 6 0.928157 1
0 2880 8 0.930031 1
0 3412 9 0.0387869 0
0 3412 8 0.924698 1
0 3412 10 0.973412 1
0 3413 10 0.972823 1
0 3840 5 0.932144 1
0 3840 6 0.932348 1
0 3840 7 0.933729 1
0 3840 8 0.935365 1
0 4800 5 0.0778016 0
0 4800 7 0.0768974 0
0 4800 6 0.9224 1
0 4800 8 0.927746 1
0 5118 8 0.965152 1
0 5118 9 0.969037 1
0 5118 10 0.974001 1
0 5760 5 0.906992 1
0 5760 6 0.912453 1
0 5760 7 0.916381 1
0 5760 8 0.920128 1
0 6720 5 0.178042 0
0 6720 7 0.0981472 0
0 6720 6 0.920904 1
0 6720 8 0.920128 1
0 6824 9 0.040863 0
0 6824 8 0.935601 1
0 6824 10 1 1
0 6826 10 0.974001 1
0 7680 5 0.929287 1
0 7680 6 0.929354 1
0 7680 7 0.9301 1
0 7680 8 0.930936 1
0 8530 8 0.969709 1
0 8530 9 0.973041 1
0 8530 10 0.977448 1
0 8640 5 0.0643484 0
0 8640 7 0.0630435 0
0 8640 6 0.929673 1
0 8640 8 0.930525 1
0 9600 5 0.92997 1
0 9600 6 0.929992 1
0 9600 7 0.930041 1
0 9600 8 0.930113 1
0 10236 9 0.0360586 0
0 10236 8 0.930525 1
0 10236 10 0.977448 1
0 10239 10 0.977448 1
0 10560 5 0.057381 0
0 10560 7 0.0570298 0
0 10560 6 0.929992 1
0 10560 8 0.930113 1
960 0 6 0.105213 0
960 0 5 0.908552 1
960 0 7 0.914295 1
960 960 5 0.110533 0
960 960 6 0.105213 0
960 960 7 0.101015 0
960 1920 6 0.0917499 0
960 1920 5 0.923274 1
960 1920 7 0.923597 1
960 2880 5 0.078294 0
960 2880 6 0.0782869 0
960 2880 7 0.0771766 0
960 3840 6 0.0780626 0
960 3840 5 0.929708 1
960 3840 7 0.930671 1
960 4800 5 0.0778016 0
960 4800 6 0.0778383 0
960 4800 7 0.0768974 0
960 5760 6 0.089346 0
960 5760 5 0.913461 1
960 5760 7 0.918558 1
960 6720 5 0.106042 0
960 6720 6 0.100854 0
960 6720 7 0.0981472 0
960 7680 6 0.0825829 0
960 7680 5 0.928477 1
960 7680 7 0.929 1
960 8640 5 0.0643484 0
960 8640 6 0.0643122 0
960 8640 7 0.0630435 0
960 9600 6 0.0608313 0
960 9600 5 0.929701 1
960 9600 7 0.929771 1
960 10560 5 0.057381 0
960 10560 6 0.0573504 0
960 10560 7 0.0570298 0
1706 0 8 0.0423972 0
1706 0 9 0.0391334 0
1706 0 7 0.914295 1
1706 960 7 0.0650533 0
1706 960 8 0.0611968 0
1706 1706 8 0.0423972 0
1706 1706 9 0.956336 1
1706 1920 8 0.0577831 0
1706 1920 7 0.923597 1
1706 2880 7 0.0665081 0
1706 2880 8 0.065364 0
1706 3412 8 0.0406956 0
1706 3412 9 0.0387869 0
1706 3840 8 0.066355 0
1706 3840 7 0.930671 1
1706 4800 7 0.0682711 0
1706 4800 8 0.067346 0
1706 5118 8 0.066355 0
1706 5118 9 0.95798 1
1706 5760 8 0.0630086 0
1706 5760 7 0.918558 1
1706 6720 7 0.0777762 0
1706 6720 8 0.0755917 0
1706 6824 8 0.0442552 0
1706 6824 9 0.040863 0
1706 7680 8 0.04659 0
1706 7680 7 0.929 1
1706 8530 8 0.0442552 0
1706 8530 9 0.962044 1
1706 8640 7 0.0505485 0
1706 8640 8 0.0492085 0
1706 9600 8 0.0512708 0
1706 9600 7 0.929771 1
1706 10236 8 0.037302 0
1706 10236 9 0.0360586 0
1706 10560 7 0.0536911 0
1706 10560 8 0.0533331 0
1920 0 5 0.913874 1
1920 0 6 0.914547 1
1920 0 7 0.914881 1
1920 960 5 0.10237 0
1920 960 7 0.0969177 0
1920 960 6 0.918618 1
1920 1920 5 0.922635 1
1920 1920 6 0.922688 1
1920 1920 7 0.922892 1
1920 2880 5 0.0783789 0
1920 2880 7 0.077582 0
1920 2880 6 0.92495 1
1920 3840 5 0.927272 1
1920 3840 6 0.927211 1
1920 3840 7 0.927613 1
1920 4800 5 0.0773611 0
1920 4800 7 0.0767068 0
1920 4800 6 0.923913 1
1920 5760 5 0.919929 1
1920 5760 6 0.920616 1
1920 5760 7 0.920734 1
1920 6720 5 0.0962968 0
1920 6720 7 0.0918849 0
1920 6720 6 0.924144 1
1920 7680 5 0.927667 1
1920 7680 6 0.927673 1
1920 7680 7 0.9279 1
1920 8640 5 0.064783 0
1920 8640 7 0.0638984 0
1920 8640 6 0.928551 1
1920 9600 5 0.929432 1
1920 9600 6 0.92943 1
1920 9600 7 0.929501 1
1920 10560 5 0.0577474 0
1920 10560 7 0.0574789 0
1920 10560 6 0.92943 1
2880 0 6 0.0932079 0
2880 0 5 0.911119 1
2880 0 7 0.919475 1
2880 960 5 0.0942082 0
2880 960 6 0.0932079 0
2880 960 7 0.0928205 0
2880 1920 6 0.0858536 0
2880 1920 5 0.921357 1
2880 1920 7 0.924635 1
2880 2880 5 0.0784639 0
2880 2880 6 0.0784994 0
2880 2880 7 0.0779874 0
2880 3840 6 0.0777144 0
2880 3840 5 0.925563 1
2880 3840 7 0.929386 1
2880 4800 5 0.0769206 0
2880 4800 6 0.0769294 0
2880 4800 7 0.0765163 0
2880 5760 6 0.0812085 0
2880 5760 5 0.918155 1
2880 5760 7 0.924326 1
2880 6720 5 0.086552 0
2880 6720 6 0.0854876 0
2880 6720 7 0.0856226 0
2880 7680 6 0.0753734 0
2880 7680 5 0.926789 1
2880 7680 7 0.929518 1
2880 8640 5 0.0652175 0
2880 8640 6 0.0652592 0
2880 8640 7 0.0647534 0
2880 9600 6 0.0617139 0
2880 9600 5 0.92919 1
2880 9600 7 0.930082 1
2880 10560 5 0.0581139 0
2880 10560 6 0.0581687 0
2880 10560 7 0.057928 0
3412 0 9 0.0391334 0
3412 0 7 0.927702 1
3412 0 8 0.928939 1
3412 960 7 0.0928205 0
3412 960 8 0.928716 1
3412 1706 8 0.941999 1
3412 1706 9 0.943275 1
3412 1920 7 0.927988 1
3412 1920 8 0.928492 1
3412 2880 7 0.0779874 0
3412 2880 8 0.931174 1
3412 3412 9 0.0387869 0
3412 3412 8 0.928492 1
3412 3840 7 0.93327 1
3412 3840 8 0.933855 1
3412 4800 7 0.0765163 0
3412 4800 8 0.932549 1
3412 5118 8 0.943641 1
3412 5118 9 0.944917 1
3412 5760 7 0.930339 1
3412 5760 8 0.931244 1
3412 6720 7 0.0856226 0
3412 6720 8 0.931244 1
3412 6824 9 0.040863 0
3412 6824 8 0.935569 1
3412 7680 7 0.932298 1
3412 7680 8 0.932716 1
3412 8530 8 0.94819 1
3412 8530 9 0.949423 1
3412 8640 7 0.0647534 0
3412 8640 8 0.931925 1
3412 9600 7 0.930996 1
3412 9600 8 0.931133 1
3412 10236 9 0.0360586 0
3412 10236 8 0.931925 1
3412 10560 7 0.057928 0
3412 10560 8 0.931133 1
3413 0 9 0.00570538 0
3413 0 10 0 0
3413 1706 10 0.00804637 0
3413 1706 9 0.958335 1
3413 3412 9 0.0192371 0
3413 3412 10 0.0160927 0
3413 3413 10 0.00804637 0
3413 5118 10 0.00804637 0
3413 5118 9 0.959988 1
3413 6824 9 0.00612032 0
3413 6824 10 0 0
3413 6826 10 0.00804637 0
3413 8530 10 0.0106241 0
3413 8530 9 0.963669 1
3413 10236 9 0.0233239 0
3413 10236 10 0.0212481 0
3413 10239 10 0.0106241 0
3840 0 5 0.908364 1
3840 0 6 0.909023 1
3840 0 7 0.909222 1
3840 960 5 0.0980499 0
3840 960 7 0.0840737 0
3840 960 6 0.914537 1
3840 1920 5 0.920079 1
3840 1920 6 0.920051 1
3840 1920 7 0.920328 1
3840 2880 5 0.0781232 0
3840 2880 7 0.072249 0
3840 2880 6 0.921918 1
3840 3840 5 0.923855 1
3840 3840 6 0.923784 1
3840 3840 7 0.92415 1
3840 4800 5 0.0763739 0
3840 4800 7 0.0713678 0
3840 4800 6 0.920417 1
3840 5760 5 0.916381 1
3840 5760 6 0.917049 1
3840 5760 7 0.917069 1
3840 6720 5 0.0895804 0
3840 6720 7 0.0809804 0
3840 6720 6 0.921472 1
3840 7680 5 0.925911 1
3840 7680 6 0.925894 1
3840 7680 7 0.92612 1
3840 8640 5 0.0651527 0
3840 8640 7 0.0595388 0
3840 8640 6 0.927406 1
3840 9600 5 0.928948 1
3840 9600 6 0.928918 1
3840 9600 7 0.929014 1
3840 10560 5 0.0578226 0
3840 10560 7 0.0554896 0
3840 10560 6 0.928918 1
4800 0 6 0.0997818 0
4800 0 5 0.897706 1
4800 0 7 0.909222 1
4800 960 5 0.101892 0
4800 960 6 0.0997818 0
4800 960 7 0.0985735 0
4800 1920 6 0.0889642 0
4800 1920 5 0.919137 1
4800 1920 7 0.920328 1
4800 2880 5 0.0777826 0
4800 2880 6 0.0781465 0
4800 2880 7 0.0776929 0
4800 3840 6 0.07714 0
4800 3840 5 0.922999 1
4800 3840 7 0.92415 1
4800 4800 5 0.0758273 0
4800 4800 6 0.0761335 0
4800 4800 7 0.0757669 0
4800 5760 6 0.0832005 0
4800 5760 5 0.906582 1
4800 5760 7 0.917069 1
4800 6720 5 0.0926088 0
4800 6720 6 0.0902676 0
4800 6720 7 0.0895532 0
4800 7680 6 0.0778129 0
4800 7680 5 0.925235 1
4800 7680 7 0.92612 1
4800 8640 5 0.0650879 0
4800 8640 6 0.0653583 0
4800 8640 7 0.0649106 0
4800 9600 6 0.0615204 0
4800 9600 5 0.929064 1
4800 9600 7 0.929014 1
4800 10560 5 0.0575314 0
4800 10560 6 0.0576825 0
4800 10560 7 0.0575138 0
5118 0 8 0.0335373 0
5118 0 9 0.0306825 0
5118 0 7 0.898754 1
5118 960 7 0.0531268 0
5118 960 8 0.0499809 0
5118 1706 8 0.0335373 0
5118 1706 9 0.960332 1
5118 1920 8 0.0483044 0
5118 1920 7 0.919003 1
5118 2880 7 0.0573627 0
5118 2880 8 0.0561357 0
5118 3412 8 0.0335275 0
5118 3412 9 0.0318768 0
5118 3840 8 0.0568996 0
5118 3840 7 0.923012 1
5118 4800 7 0.0586576 0
5118 4800 8 0.0576636 0
5118 5118 8 0.0568996 0
5118 5118 9 0.961994 1
5118 5760 8 0.052702 0
5118 5760 7 0.907718 1
5118 6720 7 0.0633881 0
5118 6720 8 0.0618073 0
5118 6824 8 0.0371113 0
5118 6824 9 0.0340292 0
5118 7680 8 0.0403981 0
5118 7680 7 0.925203 1
5118 8530 8 0.0371113 0
5118 8530 9 0.965292 1
5118 8640 7 0.0454456 0
5118 8640 8 0.0440843 0
5118 9600 8 0.0465983 0
5118 9600 7 0.929129 1
5118 10236 8 0.0329976 0
5118 10236 9 0.0318399 0
5118 10560 7 0.0495487 0
5118 10560 8 0.0491122 0
5760 0 5 0.887047 1
5760 0 6 0.890833 1
5760 0 7 0.893495 1
5760 960 5 0.131051 0
5760 960 7 0.0628262 0
5760 960 6 0.90431 1
5760 1920 5 0.918195 1
5760 1920 6 0.917787 1
5760 1920 7 0.918337 1
5760 2880 5 0.0730747 0
5760 2880 7 0.0597311 0
5760 2880 6 0.91978 1
5760 3840 5 0.922143 1
5760 3840 6 0.921772 1
5760 3840 7 0.92244 1
5760 4800 5 0.0716062 0
5760 4800 7 0.0602496 0
5760 4800 6 0.9113 1
5760 5760 5 0.896784 1
5760 5760 6 0.900827 1
5760 5760 7 0.903021 1
5760 6720 5 0.123732 0
5760 6720 7 0.0672364 0
5760 6720 6 0.912545 1
5760 7680 5 0.924558 1
5760 7680 6 0.924263 1
5760 7680 7 0.924743 1
5760 8640 5 0.0617781 0
5760 8640 7 0.0492901 0
5760 8640 6 0.926672 1
5760 9600 5 0.929179 1
5760 9600 6 0.929082 1
5760 9600 7 0.929186 1
5760 10560 5 0.0554264 0
5760 10560 7 0.0500668 0
5760 10560 6 0.929082 1
6720 0 6 0.0857255 0
6720 0 5 0.902963 1
6720 0 7 0.893495 1
6720 960 5 0.0882096 0
6720 960 6 0.0857255 0
6720 960 7 0.0839641 0
6720 1920 6 0.0770545 0
6720 1920 5 0.922139 1
6720 1920 7 0.918337 1
6720 2880 5 0.0683668 0
6720 2880 6 0.0683835 0
6720 2880 7 0.0677179 0
6720 3840 6 0.0678992 0
6720 3840 5 0.925738 1
6720 3840 7 0.92244 1
6720 4800 5 0.0673851 0
6720 4800 6 0.0674149 0
6720 4800 7 0.0668637 0
6720 5760 6 0.0739017 0
6720 5760 5 0.910472 1
6720 5760 7 0.903021 1
6720 6720 5 0.0828545 0
6720 6720 6 0.0803886 0
6720 6720 7 0.0793769 0
6720 7680 6 0.0694248 0
6720 7680 5 0.927427 1
6720 7680 7 0.924743 1
6720 8640 5 0.0584683 0
6720 8640 6 0.058461 0
6720 8640 7 0.0577555 0
6720 9600 6 0.0558751 0
6720 9600 5 0.93046 1
6720 9600 7 0.929186 1
6720 10560 5 0.0533215 0
6720 10560 6 0.0532891 0
6720 10560 7 0.0530413 0
6824 0 9 0.0306825 0
6824 0 7 0.920189 1
6824 0 8 0.922196 1
6824 960 7 0.0554734 0
6824 960 8 0.923524 1
6824 1706 8 0.940376 1
6824 1706 9 0.942152 1
6824 1920 7 0.924547 1
6824 1920 8 0.924853 1
6824 2880 7 0.0548043 0
6824 2880 8 0.927944 1
6824 3412 9 0.0318768 0
6824 3412 8 0.924853 1
6824 3840 7 0.930376 1
6824 3840 8 0.931035 1
6824 4800 7 0.0555573 0
6824 4800 8 0.92849 1
6824 5118 8 0.943593 1
6824 5118 9 0.945231 1
6824 5760 7 0.924411 1
6824 5760 8 0.925944 1
6824 6720 7 0.0601586 0
6824 6720 8 0.925944 1
6824 6824 9 0.0340292 0
6824 6824 8 0.932913 1
6824 7680 7 0.930366 1
6824 7680 8 0.930774 1
6824 8530 8 0.948348 1
6824 8530 9 0.949856 1
6824 8640 7 0.0462792 0
6824 8640 8 0.930722 1
6824 9600 7 0.930662 1
6824 9600 8 0.930671 1
6824 10236 9 0.0318399 0
6824 10236 8 0.930722 1
6824 10560 7 0.0476287 0
6824 10560 8 0.930671 1
6826 0 9 0.0264478 0
6826 0 10 1 1
6826 1706 9 0.980534 1
6826 1706 10 0.98373 1
6826 3412 9 0.0276226 0
6826 3412 10 0.983821 1
6826 3413 10 0.98373 1
6826 5118 9 0.980787 1
6826 5118 10 0.983912 1
6826 6824 9 0.0304016 0
6826 6824 10 1 1
6826 6826 10 0.983912 1
6826 8530 9 0.982372 1
6826 8530 10 0.985253 1
6826 10236 9 0.0285061 0
6826 10236 10 0.985253 1
6826 10239 10 0.985253 1
7680 0 5 0.918879 1
7680 0 6 0.91967 1
7680 0 7 0.920193 1
7680 960 5 0.0751776 0
7680 960 7 0.049558 0
7680 960 6 0.92289 1
7680 1920 5 0.926084 1
7680 1920 6 0.926109 1
7680 1920 7 0.926267 1
7680 2880 5 0.063459 0
7680 2880 7 0.0508406 0
7680 2880 6 0.927734 1
7680 3840 5 0.929332 1
7680 3840 6 0.929359 1
7680 3840 7 0.929708 1
7680 4800 5 0.0628071 0
7680 4800 7 0.0517823 0
7680 4800 6 0.927126 1
7680 5760 5 0.924161 1
7680 5760 6 0.924893 1
7680 5760 7 0.925212 1
7680 6720 5 0.0715684 0
7680 6720 7 0.0544644 0
7680 6720 6 0.92761 1
7680 7680 5 0.930295 1
7680 7680 6 0.930328 1
7680 7680 7 0.930529 1
7680 8640 5 0.0552461 0
7680 8640 7 0.0438568 0
7680 8640 6 0.931023 1
7680 9600 5 0.93174 1
7680 9600 6 0.931718 1
7680 9600 7 0.931754 1
7680 10560 5 0.0516052 0
7680 10560 7 0.0456673 0
7680 10560 6 0.931718 1
8530 0 8 0.0237843 0
8530 0 9 0.0222229 0
8530 0 7 0.920193 1
8530 960 7 0.0342216 0
8530 960 8 0.0327782 0
8530 1706 8 0.0237843 0
8530 1706 9 0.968005 1
8530 1920 8 0.033458 0
8530 1920 7 0.926267 1
8530 2880 7 0.0409066 0
8530 2880 8 0.0399716 0
8530 3412 8 0.0243912 0
8530 3412 9 0.0233784 0
8530 3840 8 0.0410998 0
8530 3840 7 0.929708 1
8530 4800 7 0.0430499 0
8530 4800 8 0.042228 0
8530 5118 8 0.0410998 0
8530 5118 9 0.967579 1
8530 5760 8 0.0386222 0
8530 5760 7 0.925212 1
8530 6720 7 0.0447823 0
8530 6720 8 0.043871 0
8530 6824 8 0.0288083 0
8530 6824 9 0.0267824 0
8530 7680 8 0.0313176 0
8530 7680 7 0.930529 1
8530 8530 8 0.0288083 0
8530 8530 9 0.969952 1
8530 8640 7 0.0349683 0
8530 8640 8 0.0341317 0
8530 9600 8 0.0370025 0
8530 9600 7 0.931754 1
8530 10236 8 0.0260265 0
8530 10236 9 0.0251801 0
8530 10560 7 0.0403717 0
8530 10560 8 0.0398733 0
8640 0 6 0.0611329 0
8640 0 5 0.925305 1
8640 0 7 0.926468 1
8640 960 5 0.0621455 0
8640 960 6 0.0611329 0
8640 960 7 0.060245 0
8640 1920 6 0.0596362 0
8640 1920 5 0.929724 1
8640 1920 7 0.930097 1
8640 2880 5 0.0585511 0
8640 2880 6 0.0581396 0
8640 2880 7 0.0576151 0
8640 3840 6 0.0579994 0
8640 3840 5 0.932598 1
8640 3840 7 0.933146 1
8640 4800 5 0.058229 0
8640 4800 6 0.0578591 0
8640 4800 7 0.0574111 0
8640 5760 6 0.0586563 0
8640 5760 5 0.929066 1
8640 5760 7 0.929942 1
8640 6720 5 0.0602823 0
8640 6720 6 0.0594536 0
8640 6720 7 0.0590135 0
8640 7680 6 0.0555871 0
8640 7680 5 0.932772 1
8640 7680 7 0.933128 1
8640 8640 5 0.0520239 0
8640 8640 6 0.0517207 0
8640 8640 7 0.051179 0
8640 9600 6 0.0507156 0
8640 9600 5 0.933284 1
8640 9600 7 0.933409 1
8640 10560 5 0.0498888 0
8640 10560 6 0.0497105 0
8640 10560 7 0.0494483 0
9600 0 5 0.931731 1
9600 0 6 0.932266 1
9600 0 7 0.932743 1
9600 960 5 0.0612652 0
9600 960 7 0.0602769 0
9600 960 6 0.932967 1
9600 1920 5 0.933364 1
9600 1920 6 0.933667 1
9600 1920 7 0.933926 1
9600 2880 5 0.0585816 0
9600 2880 7 0.0580948 0
9600 2880 6 0.934901 1
9600 3840 5 0.935864 1
9600 3840 6 0.936136 1
9600 3840 7 0.936584 1
9600 4800 5 0.0580893 0
9600 4800 7 0.0576641 0
9600 4800 6 0.935258 1
9600 5760 5 0.933972 1
9600 5760 6 0.93438 1
9600 5760 7 0.934671 1
9600 6720 5 0.0589411 0
9600 6720 7 0.0582813 0
9600 6720 6 0.934918 1
9600 7680 5 0.935248 1
9600 7680 6 0.935455 1
9600 7680 7 0.935727 1
9600 8640 5 0.0524404 0
9600 8640 7 0.0520011 0
9600 8640 6 0.935206 1
9600 9600 5 0.934828 1
9600 9600 6 0.934957 1
9600 9600 7 0.935065 1
9600 10560 5 0.0503129 0
9600 10560 7 0.0500839 0
9600 10560 6 0.934957 1
10236 0 9 0.0222229 0
10236 0 7 0.940694 1
10236 0 8 0.941694 1
10236 960 7 0.0602769 0
10236 960 8 0.940396 1
10236 1706 8 0.954237 1
10236 1706 9 0.955462 1
10236 1920 7 0.93852 1
10236 1920 8 0.939098 1
10236 2880 7 0.0580948 0
10236 2880 8 0.941128 1
10236 3412 9 0.0233784 0
10236 3412 8 0.939098 1
10236 3840 7 0.942424 1
10236 3840 8 0.943159 1
10236 4800 7 0.0576641 0
10236 4800 8 0.941981 1
10236 5118 8 0.953065 1
10236 5118 9 0.954356 1
10236 5760 7 0.940117 1
10236 5760 8 0.940802 1
10236 6720 7 0.0582813 0
10236 6720 8 0.940802 1
10236 6824 9 0.0267824 0
10236 6824 8 0.943869 1
10236 7680 7 0.93961 1
10236 7680 8 0.940098 1
10236 8530 8 0.956303 1
10236 8530 9 0.957518 1
10236 8640 7 0.0520011 0
10236 8640 8 0.938682 1
10236 9600 7 0.937019 1
10236 9600 8 0.937265 1
10236 10236 9 0.0251801 0
10236 10236 8 0.938682 1
10236 10560 7 0.0500839 0
10236 10560 8 0.937265 1
10239 0 9 0.00197467 0
10239 0 10 0 0
10239 1706 10 0.00365412 0
10239 1706 9 0.968005 1
10239 3412 9 0.00873618 0
10239 3412 10 0.00730824 0
10239 3413 10 0.00365412 0
10239 5118 10 0.00365412 0
10239 5118 9 0.967579 1
10239 6824 9 0.00237982 0
10239 6824 10 0 0
10239 6826 10 0.00365412 0
10239 8530 10 0.00599683 0
10239 8530 9 0.969952 1
10239 10236 9 0.0131654 0
10239 10236 10 0.0119937 0
10239 10239 10 0.00599683 0
10560 0 6 0.0603114 0
10560 0 5 0.931731 1
10560 0 7 0.932743 1
10560 960 5 0.0603848 0
10560 960 6 0.0603114 0
10560 960 7 0.0603088 0
10560 1920 6 0.059463 0
10560 1920 5 0.933364 1
10560 1920 7 0.933926 1
10560 2880 5 0.058612 0
10560 2880 6 0.0586146 0
10560 2880 7 0.0585746 0
10560 3840 6 0.0582763 0
10560 3840 5 0.935864 1
10560 3840 7 0.936584 1
10560 4800 5 0.0579497 0
10560 4800 6 0.0579381 0
10560 4800 7 0.057917 0
10560 5760 6 0.0577131 0
10560 5760 5 0.933972 1
10560 5760 7 0.934671 1
10560 6720 5 0.0576 0
10560 6720 6 0.0574882 0
10560 6720 7 0.0575492 0
10560 7680 6 0.0551899 0
10560 7680 5 0.935248 1
10560 7680 7 0.935727 1
10560 8640 5 0.052857 0
10560 8640 6 0.0528917 0
10560 8640 7 0.0528232 0
10560 9600 6 0.051832 0
10560 9600 5 0.934828 1
10560 9600 7 0.935065 1
10560 10560 5 0.050737 0
10560 10560 6 0.0507724 0
10560 10560 7 0.0507194 0
