320 13608 640 13944 0 2
320 14280 640 14616 0 2
320 18984 640 19320 0 2
480 10416 800 10752 0 2
480 12096 800 12432 0 2
480 13776 800 14112 0 2
480 14112 800 14448 0 2
480 15792 800 16128 0 2
480 17472 800 17808 0 2
480 18816 800 19152 0 2
480 20496 800 20832 0 2
480 22176 800 22512 0 2
640 13608 960 13944 0 2
640 14280 960 14616 0 2
640 18984 960 19320 0 2
800 8904 1120 9240 0 2
800 13440 1120 13776 0 2
800 18648 1120 18984 0 2
960 4200 1280 4536 0 2
960 5712 1280 6048 0 2
960 7392 1280 7728 0 2
960 9072 1280 9408 0 2
1120 1008 1440 1344 0 2
1120 2688 1440 3024 0 2
1120 4368 1440 4704 0 2
1120 8904 1440 9240 0 2
1280 4200 1600 4536 0 2
1600 9744 1920 10080 0 2
1760 9408 2080 9744 0 2
1760 11088 2080 11424 0 2
1760 12768 2080 13104 0 2
1920 9744 2240 10080 0 2
2080 2688 2400 3024 0 2
2080 4368 2400 4704 0 2
2080 4536 2400 4872 0 2
2080 9576 2400 9912 0 2
2080 11088 2400 11424 0 2
2080 12768 2400 13104 0 2
2240 4032 2560 4368 0 2
2240 9744 2560 10080 0 2
2400 1008 2720 1344 0 2
2400 2688 2720 3024 0 2
2400 4368 2720 4704 0 2
2560 4032 2880 4368 0 2
2720 1008 3040 1344 0 2
2720 2688 3040 3024 0 2
2720 4200 3040 4536 0 2
2880 4032 3200 4368 0 2
3040 1008 3360 1344 0 2
3040 2688 3360 3024 0 2
3040 4200 3360 4536 0 2
3200 4032 3520 4368 0 2
3200 21672 3520 22008 0 2
3200 23856 3520 24192 0 2
3200 26376 3520 26712 0 2
3200 28560 3520 28896 0 2
3200 31080 3520 31416 0 2
3200 35784 3520 36120 0 2
3200 37968 3520 38304 0 2
3200 40488 3520 40824 0 2
3360 1008 3680 1344 0 2
3360 2688 3680 3024 0 2
3360 4368 3680 4704 0 2
3360 21336 3680 21672 0 2
3360 22848 3680 23184 0 2
3360 23520 3680 23856 0 2
3360 25200 3680 25536 0 2
3360 26040 3680 26376 0 2
3360 27552 3680 27888 0 2
3360 28224 3680 28560 0 2
3360 29904 3680 30240 0 2
3360 30744 3680 31080 0 2
3360 32256 3680 32592 0 2
3360 33936 3680 34272 0 2
3360 35448 3680 35784 0 2
3360 36960 3680 37296 0 2
3360 37632 3680 37968 0 2
3360 39312 3680 39648 0 2
3360 40152 3680 40488 0 2
3360 41664 3680 42000 0 2
3360 43344 3680 43680 0 2
3520 4032 3840 4368 0 2
3520 14448 3840 14784 0 2
3520 19152 3840 19488 0 2
3520 21672 3840 22008 0 2
3520 23856 3840 24192 0 2
3520 26376 3840 26712 0 2
3520 28560 3840 28896 0 2
3520 31080 3840 31416 0 2
3520 35784 3840 36120 0 2
3520 37968 3840 38304 0 2
3520 40488 3840 40824 0 2
3680 8736 4000 9072 0 2
3680 11088 4000 11424 0 2
3680 15792 4000 16128 0 2
3680 20496 4000 20832 0 2
3680 21168 4000 21504 0 2
3680 31416 4000 31752 0 2
3840 5712 4160 6048 0 2
3840 7224 4160 7560 0 2
3840 8904 4160 9240 0 2
3840 9744 4160 10080 0 2
3840 11424 4160 11760 0 2
3840 12768 4160 13104 0 2
3840 14448 4160 14784 0 2
3840 16128 4160 16464 0 2
3840 17472 4160 17808 0 2
3840 19152 4160 19488 0 2
3840 20832 4160 21168 0 2
4000 8736 4320 9072 0 2
4000 11088 4320 11424 0 2
4000 15792 4320 16128 0 2
4000 20496 4320 20832 0 2
4160 5712 4480 6048 0 2
4160 7392 4480 7728 0 2
4160 9072 4480 9408 0 2
4160 9576 4480 9912 0 2
4160 11256 4480 11592 0 2
4160 12768 4480 13104 0 2
4160 14280 4480 14616 0 2
4160 15960 4480 16296 0 2
4160 17472 4480 17808 0 2
4160 18984 4480 19320 0 2
4160 20664 4480 21000 0 2
4320 8736 4640 9072 0 2
4320 11088 4640 11424 0 2
4320 15792 4640 16128 0 2
4320 20496 4640 20832 0 2
4480 4200 4800 4536 0 2
4480 14280 4800 14616 0 2
4480 18984 4800 19320 0 2
4480 21504 4800 21840 0 2
4480 24024 4800 24360 0 2
4480 26208 4800 26544 0 2
4480 28728 4800 29064 0 2
4480 30912 4800 31248 0 2
4480 35616 4800 35952 0 2
4480 38136 4800 38472 0 2
4480 40320 4800 40656 0 2
4640 1008 4960 1344 0 2
4640 2688 4960 3024 0 2
4640 4368 4960 4704 0 2
4640 21168 4960 21504 0 2
4640 22848 4960 23184 0 2
4640 23688 4960 24024 0 2
4640 25200 4960 25536 0 2
4640 25872 4960 26208 0 2
4640 27552 4960 27888 0 2
4640 28392 4960 28728 0 2
4640 29904 4960 30240 0 2
4640 30576 4960 30912 0 2
4640 32256 4960 32592 0 2
4640 33936 4960 34272 0 2
4640 35280 4960 35616 0 2
4640 36960 4960 37296 0 2
4640 37800 4960 38136 0 2
4640 39312 4960 39648 0 2
4640 39984 4960 40320 0 2
4640 41664 4960 42000 0 2
4640 43344 4960 43680 0 2
4800 4200 5120 4536 0 2
4800 21504 5120 21840 0 2
4800 24024 5120 24360 0 2
4800 26208 5120 26544 0 2
4800 28728 5120 29064 0 2
4800 30912 5120 31248 0 2
4800 35616 5120 35952 0 2
4800 38136 5120 38472 0 2
4800 40320 5120 40656 0 2
640 14304 960 14592 1 2
640 17496 960 17784 1 2
640 19008 960 19296 1 2
640 22200 960 22488 1 2
800 8928 1120 9216 1 2
800 13464 1120 13752 1 2
800 14136 1120 14424 1 2
800 15816 1120 16104 1 2
800 18672 1120 18960 1 2
800 18840 1120 19128 1 2
800 20520 1120 20808 1 2
960 12120 1280 12408 1 2
960 13800 1280 14088 1 2
1440 2880 1760 3168 1 2
1440 7416 1760 7704 1 2
1440 9096 1760 9384 1 2
1440 9432 1760 9720 1 2
1440 11112 1760 11400 1 2
1600 2712 1920 3000 1 2
1600 2880 1920 3168 1 2
1760 9768 2080 10056 1 2
1760 12792 2080 13080 1 2
2400 4224 2720 4512 1 2
2400 4392 2720 4680 1 2
2880 1032 3200 1320 1 2
2880 4056 3200 4344 1 2
3040 9600 3360 9888 1 2
3360 9096 3680 9384 1 2
3360 11448 3680 11736 1 2
3360 14472 3680 14760 1 2
3360 20856 3680 21144 1 2
3360 21192 3680 21480 1 2
3520 8928 3840 9216 1 2
3520 11280 3840 11568 1 2
3520 14304 3840 14592 1 2
3520 19176 3840 19464 1 2
3680 2712 4000 3000 1 2
3680 7416 4000 7704 1 2
3680 9768 4000 10056 1 2
3680 15984 4000 16272 1 2
3680 22872 4000 23160 1 2
3680 25224 4000 25512 1 2
3680 27576 4000 27864 1 2
3680 29928 4000 30216 1 2
3680 32280 4000 32568 1 2
3680 36984 4000 37272 1 2
3680 39336 4000 39624 1 2
3680 41688 4000 41976 1 2
3840 7248 4160 7536 1 2
3840 9600 4160 9888 1 2
3840 16152 4160 16440 1 2
3840 21696 4160 21984 1 2
3840 24048 4160 24336 1 2
3840 26400 4160 26688 1 2
3840 28752 4160 29040 1 2
3840 31104 4160 31392 1 2
3840 31440 4160 31728 1 2
3840 35808 4160 36096 1 2
3840 38160 4160 38448 1 2
3840 40512 4160 40800 1 2
4000 8760 4320 9048 1 2
4000 11112 4320 11400 1 2
4000 12792 4320 13080 1 2
4000 15816 4320 16104 1 2
4000 17496 4320 17784 1 2
4000 20520 4320 20808 1 2
4000 21528 4320 21816 1 2
4000 23880 4320 24168 1 2
4000 26232 4320 26520 1 2
4000 28584 4320 28872 1 2
4000 30936 4320 31224 1 2
4000 35640 4320 35928 1 2
4000 37992 4320 38280 1 2
4000 40344 4320 40632 1 2
4160 4392 4480 4680 1 2
4160 21360 4480 21648 1 2
4160 23712 4480 24000 1 2
4160 26064 4480 26352 1 2
4160 28416 4480 28704 1 2
4160 30768 4480 31056 1 2
4160 35472 4480 35760 1 2
4160 37824 4480 38112 1 2
4160 40176 4480 40464 1 2
4320 4560 4640 4848 1 2
4320 21192 4640 21480 1 2
4320 23544 4640 23832 1 2
4320 25896 4640 26184 1 2
4320 28248 4640 28536 1 2
4320 30600 4640 30888 1 2
4320 31440 4640 31728 1 2
4320 35304 4640 35592 1 2
4320 37656 4640 37944 1 2
4320 40008 4640 40296 1 2
4480 19008 4800 19296 1 2
4480 31440 4800 31728 1 2
4640 20688 4960 20976 1 2
960 22848 1280 23184 2 2
1600 2688 1920 3024 2 2
3040 9576 3360 9912 2 2
3520 31080 3840 31416 2 2
3680 2688 4000 3024 2 2
3680 20832 4000 21168 2 2
3680 22848 4000 23184 2 2
4000 9576 4320 9912 2 2
4000 20832 4320 21168 2 2
4000 31416 4320 31752 2 2
4160 31080 4480 31416 2 2
4640 31416 4960 31752 2 2
