-296 1220 1376 1300 1 2
-296 1220 1376 1300 2 2
-296 1220 1376 1300 0 2
-296 1220 1376 1300 1 2
-296 2480 1376 2560 1 2
-296 2480 1376 2560 2 2
-296 2480 1376 2560 0 2
-296 2480 1376 2560 1 2
156 1080 276 1620 0 2
156 1080 276 1620 1 2
156 2160 276 2700 0 2
156 2160 276 2700 1 2
372 1080 492 1620 0 2
372 1080 492 1620 1 2
372 1440 492 2340 0 2
372 1440 492 2340 1 2
372 2160 492 2700 0 2
372 2160 492 2700 1 2
588 1080 708 1620 0 2
588 1080 708 1620 1 2
588 1440 708 2340 0 2
588 1440 708 2340 1 2
588 1620 708 1980 0 2
588 1620 708 1980 1 2
232 1760 1064 1840 1 2
232 1760 1064 1840 2 2
232 1760 1064 1840 0 2
232 1760 1064 1840 1 2
588 2160 708 2700 0 2
588 2160 708 2700 1 2
292 1760 1652 1840 1 2
292 1760 1652 1840 2 2
292 1760 1652 1840 0 2
292 1760 1652 1840 1 2
804 1080 924 1620 0 2
804 1080 924 1620 1 2
804 2160 924 2700 0 2
804 2160 924 2700 1 2
508 1220 1436 1300 1 2
508 1220 1436 1300 2 2
508 1220 1436 1300 0 2
508 1220 1436 1300 1 2
508 2480 1436 2560 1 2
508 2480 1436 2560 2 2
508 2480 1436 2560 0 2
508 2480 1436 2560 1 2
568 1220 2240 1300 1 2
568 1220 2240 1300 2 2
568 1220 2240 1300 0 2
568 1220 2240 1300 1 2
568 2480 2240 2560 1 2
568 2480 2240 2560 2 2
568 2480 2240 2560 0 2
568 2480 2240 2560 1 2
1020 1080 1140 1620 0 2
1020 1080 1140 1620 1 2
1020 2160 1140 2700 0 2
1020 2160 1140 2700 1 2
1236 1080 1356 1620 0 2
1236 1080 1356 1620 1 2
1236 1440 1356 2340 0 2
1236 1440 1356 2340 1 2
1236 1620 1356 1980 0 2
1236 1620 1356 1980 1 2
880 1760 1712 1840 1 2
880 1760 1712 1840 2 2
880 1760 1712 1840 0 2
880 1760 1712 1840 1 2
1236 2160 1356 2700 0 2
1236 2160 1356 2700 1 2
1452 1080 1572 1620 0 2
1452 1080 1572 1620 1 2
1452 2160 1572 2700 0 2
1452 2160 1572 2700 1 2
1668 1080 1788 1620 0 2
1668 1080 1788 1620 1 2
1668 2160 1788 2700 0 2
1668 2160 1788 2700 1 2
1372 1220 2300 1300 1 2
1372 1220 2300 1300 2 2
1372 1220 2300 1300 0 2
1372 1220 2300 1300 1 2
1372 2480 2300 2560 1 2
1372 2480 2300 2560 2 2
1372 2480 2300 2560 0 2
1372 2480 2300 2560 1 2
1432 1220 3104 1300 1 2
1432 1220 3104 1300 2 2
1432 1220 3104 1300 0 2
1432 1220 3104 1300 1 2
1432 2480 3104 2560 1 2
1432 2480 3104 2560 2 2
1432 2480 3104 2560 0 2
1432 2480 3104 2560 1 2
1884 1080 2004 1620 0 2
1884 1080 2004 1620 1 2
1884 2160 2004 2700 0 2
1884 2160 2004 2700 1 2
2100 1080 2220 1620 0 2
2100 1080 2220 1620 1 2
2100 2160 2220 2700 0 2
2100 2160 2220 2700 1 2
2316 1080 2436 1620 0 2
2316 1080 2436 1620 1 2
2316 1440 2436 2340 0 2
2316 1440 2436 2340 1 2
2316 2160 2436 2700 0 2
2316 2160 2436 2700 1 2
2532 1080 2652 1620 0 2
2532 1080 2652 1620 1 2
2532 2160 2652 2700 0 2
2532 2160 2652 2700 1 2
