0 0 0 3
0 180 0 3
0 360 0 3
0 540 0 3
0 720 0 3
0 900 0 3
0 1080 0 3
0 1260 0 3
0 1440 0 3
0 1620 0 3
0 1800 0 3
0 1980 0 3
0 2160 0 3
0 2340 0 3
0 2520 0 3
216 0 0 3
216 180 0 3
216 360 0 3
216 540 0 3
216 720 0 3
216 900 0 3
216 1800 0 3
216 1980 0 3
432 0 0 3
432 180 0 3
432 360 0 3
432 540 0 3
432 720 0 3
432 900 0 3
648 0 0 3
648 180 0 3
648 360 0 3
648 540 0 3
648 720 0 3
648 900 0 3
864 0 0 3
864 180 0 3
864 360 0 3
864 540 0 3
864 720 0 3
864 900 0 3
864 1800 0 3
864 1980 0 3
1080 0 0 3
1080 180 0 3
1080 360 0 3
1080 540 0 3
1080 720 0 3
1080 900 0 3
1080 1800 0 3
1080 1980 0 3
1296 0 0 3
1296 180 0 3
1296 360 0 3
1296 540 0 3
1296 720 0 3
1296 900 0 3
1512 0 0 3
1512 180 0 3
1512 360 0 3
1512 540 0 3
1512 720 0 3
1512 900 0 3
1512 1800 0 3
1512 1980 0 3
1728 0 0 3
1728 180 0 3
1728 360 0 3
1728 540 0 3
1728 720 0 3
1728 900 0 3
1728 1800 0 3
1728 1980 0 3
1944 0 0 3
1944 180 0 3
1944 360 0 3
1944 540 0 3
1944 720 0 3
1944 900 0 3
1944 1800 0 3
1944 1980 0 3
2160 0 0 3
2160 180 0 3
2160 360 0 3
2160 540 0 3
2160 720 0 3
2160 900 0 3
2160 1800 0 3
2160 1980 0 3
2376 0 0 3
2376 180 0 3
2376 360 0 3
2376 540 0 3
2376 720 0 3
2376 900 0 3
2592 0 0 3
2592 180 0 3
2592 360 0 3
2592 540 0 3
2592 720 0 3
2592 900 0 3
2592 1800 0 3
2592 1980 0 3
0 0 1 1
216 0 1 1
432 0 1 1
648 0 1 1
864 0 1 1
1080 0 1 1
1296 0 1 1
1512 0 1 1
1728 0 1 1
1944 0 1 1
2160 0 1 1
2376 0 1 1
2592 0 1 1
0 180 1 1
216 180 1 1
432 180 1 1
648 180 1 1
864 180 1 1
1080 180 1 1
1296 180 1 1
1512 180 1 1
1728 180 1 1
1944 180 1 1
2160 180 1 1
2376 180 1 1
2592 180 1 1
0 360 1 1
216 360 1 1
432 360 1 1
648 360 1 1
864 360 1 1
1080 360 1 1
1296 360 1 1
1512 360 1 1
1728 360 1 1
1944 360 1 1
2160 360 1 1
2376 360 1 1
2592 360 1 1
0 540 1 1
216 540 1 1
432 540 1 1
648 540 1 1
864 540 1 1
1080 540 1 1
1296 540 1 1
1512 540 1 1
1728 540 1 1
1944 540 1 1
2160 540 1 1
2376 540 1 1
2592 540 1 1
0 720 1 1
216 720 1 1
432 720 1 1
648 720 1 1
864 720 1 1
1080 720 1 1
1296 720 1 1
1512 720 1 1
1728 720 1 1
1944 720 1 1
2160 720 1 1
2376 720 1 1
2592 720 1 1
0 900 1 1
216 900 1 1
432 900 1 1
648 900 1 1
864 900 1 1
1080 900 1 1
1296 900 1 1
1512 900 1 1
1728 900 1 1
1944 900 1 1
2160 900 1 1
2376 900 1 1
2592 900 1 1
0 1080 1 1
216 1080 1 1
432 1080 1 1
648 1080 1 1
864 1080 1 1
1080 1080 1 1
1296 1080 1 1
1512 1080 1 1
1728 1080 1 1
1944 1080 1 1
2160 1080 1 1
2376 1080 1 1
2592 1080 1 1
0 1440 1 1
216 1440 1 1
432 1440 1 1
648 1440 1 1
864 1440 1 1
1080 1440 1 1
1296 1440 1 1
1512 1440 1 1
1728 1440 1 1
1944 1440 1 1
2160 1440 1 1
2376 1440 1 1
2592 1440 1 1
0 1620 1 1
216 1620 1 1
432 1620 1 1
648 1620 1 1
864 1620 1 1
1080 1620 1 1
1296 1620 1 1
1512 1620 1 1
1728 1620 1 1
1944 1620 1 1
2160 1620 1 1
2376 1620 1 1
2592 1620 1 1
2160 1800 1 1
2376 1800 1 1
2592 1800 1 1
0 1980 1 1
216 1980 1 1
432 1980 1 1
648 1980 1 1
864 1980 1 1
1080 1980 1 1
1296 1980 1 1
1512 1980 1 1
1728 1980 1 1
1944 1980 1 1
2160 1980 1 1
2376 1980 1 1
2592 1980 1 1
0 2160 1 1
216 2160 1 1
432 2160 1 1
648 2160 1 1
864 2160 1 1
1080 2160 1 1
1296 2160 1 1
1512 2160 1 1
1728 2160 1 1
1944 2160 1 1
2160 2160 1 1
2376 2160 1 1
2592 2160 1 1
0 2340 1 1
216 2340 1 1
432 2340 1 1
648 2340 1 1
864 2340 1 1
1080 2340 1 1
1296 2340 1 1
1512 2340 1 1
1728 2340 1 1
1944 2340 1 1
2160 2340 1 1
2376 2340 1 1
2592 2340 1 1
0 0 2 1
0 180 2 1
0 360 2 1
0 540 2 1
0 720 2 1
0 900 2 1
0 1080 2 1
0 1260 2 1
0 1440 2 1
0 1620 2 1
0 1800 2 1
0 1980 2 1
0 2160 2 1
0 2340 2 1
0 2520 2 1
216 0 2 1
216 180 2 1
216 360 2 1
216 540 2 1
216 720 2 1
216 900 2 1
216 1080 2 1
216 1260 2 1
216 1440 2 1
216 1620 2 1
216 1800 2 1
216 1980 2 1
216 2160 2 1
216 2340 2 1
216 2520 2 1
432 0 2 1
432 180 2 1
432 360 2 1
432 540 2 1
432 720 2 1
432 900 2 1
432 1080 2 1
432 1260 2 1
432 1440 2 1
432 1620 2 1
432 1800 2 1
432 1980 2 1
432 2160 2 1
432 2340 2 1
432 2520 2 1
648 0 2 1
648 180 2 1
648 360 2 1
648 540 2 1
648 720 2 1
648 900 2 1
648 1080 2 1
648 1260 2 1
648 1440 2 1
648 1620 2 1
648 1800 2 1
648 1980 2 1
648 2160 2 1
648 2340 2 1
648 2520 2 1
864 0 2 1
864 180 2 1
864 360 2 1
864 540 2 1
864 720 2 1
864 900 2 1
864 1080 2 1
864 1260 2 1
864 1440 2 1
864 1620 2 1
864 1800 2 1
864 1980 2 1
864 2160 2 1
864 2340 2 1
864 2520 2 1
1080 0 2 1
1080 180 2 1
1080 360 2 1
1080 540 2 1
1080 720 2 1
1080 900 2 1
1080 1080 2 1
1080 1260 2 1
1080 1440 2 1
1080 1620 2 1
1080 1800 2 1
1080 1980 2 1
1080 2160 2 1
1080 2340 2 1
1080 2520 2 1
1296 0 2 1
1296 180 2 1
1296 360 2 1
1296 540 2 1
1296 720 2 1
1296 900 2 1
1296 1080 2 1
1296 1260 2 1
1296 1440 2 1
1296 1620 2 1
1296 1800 2 1
1296 1980 2 1
1296 2160 2 1
1296 2340 2 1
1296 2520 2 1
1512 0 2 1
1512 180 2 1
1512 360 2 1
1512 540 2 1
1512 720 2 1
1512 900 2 1
1512 1080 2 1
1512 1260 2 1
1512 1440 2 1
1512 1620 2 1
1512 1800 2 1
1512 1980 2 1
1512 2160 2 1
1512 2340 2 1
1512 2520 2 1
1728 0 2 1
1728 180 2 1
1728 360 2 1
1728 540 2 1
1728 720 2 1
1728 900 2 1
1728 1080 2 1
1728 1260 2 1
1728 1440 2 1
1728 1620 2 1
1728 1800 2 1
1728 1980 2 1
1728 2160 2 1
1728 2340 2 1
1728 2520 2 1
1944 0 2 1
1944 180 2 1
1944 360 2 1
1944 540 2 1
1944 720 2 1
1944 900 2 1
1944 1080 2 1
1944 1260 2 1
1944 1440 2 1
1944 1620 2 1
1944 1800 2 1
1944 1980 2 1
1944 2160 2 1
1944 2340 2 1
1944 2520 2 1
2160 0 2 1
2160 180 2 1
2160 360 2 1
2160 540 2 1
2160 720 2 1
2160 900 2 1
2160 1080 2 1
2160 1260 2 1
2160 1440 2 1
2160 1620 2 1
2160 1800 2 1
2160 1980 2 1
2160 2160 2 1
2160 2340 2 1
2160 2520 2 1
2376 0 2 1
2376 180 2 1
2376 360 2 1
2376 540 2 1
2376 720 2 1
2376 900 2 1
2376 1080 2 1
2376 1260 2 1
2376 1440 2 1
2376 1620 2 1
2376 1800 2 1
2376 1980 2 1
2376 2160 2 1
2376 2340 2 1
2376 2520 2 1
2592 0 2 1
2592 180 2 1
2592 360 2 1
2592 540 2 1
2592 720 2 1
2592 900 2 1
2592 1080 2 1
2592 1260 2 1
2592 1440 2 1
2592 1620 2 1
2592 1800 2 1
2592 1980 2 1
2592 2160 2 1
2592 2340 2 1
2592 2520 2 1
0 0 3 1
216 0 3 1
432 0 3 1
648 0 3 1
864 0 3 1
1080 0 3 1
1296 0 3 1
1512 0 3 1
1728 0 3 1
1944 0 3 1
2160 0 3 1
2376 0 3 1
2592 0 3 1
0 180 3 1
216 180 3 1
432 180 3 1
648 180 3 1
864 180 3 1
1080 180 3 1
1296 180 3 1
1512 180 3 1
1728 180 3 1
1944 180 3 1
2160 180 3 1
2376 180 3 1
2592 180 3 1
0 360 3 1
216 360 3 1
432 360 3 1
648 360 3 1
864 360 3 1
1080 360 3 1
1296 360 3 1
1512 360 3 1
1728 360 3 1
1944 360 3 1
2160 360 3 1
2376 360 3 1
2592 360 3 1
0 540 3 1
216 540 3 1
432 540 3 1
648 540 3 1
864 540 3 1
1080 540 3 1
1296 540 3 1
1512 540 3 1
1728 540 3 1
1944 540 3 1
2160 540 3 1
2376 540 3 1
2592 540 3 1
0 720 3 1
216 720 3 1
432 720 3 1
648 720 3 1
864 720 3 1
1080 720 3 1
1296 720 3 1
1512 720 3 1
1728 720 3 1
1944 720 3 1
2160 720 3 1
2376 720 3 1
2592 720 3 1
0 900 3 1
216 900 3 1
432 900 3 1
648 900 3 1
864 900 3 1
1080 900 3 1
1296 900 3 1
1512 900 3 1
1728 900 3 1
1944 900 3 1
2160 900 3 1
2376 900 3 1
2592 900 3 1
0 1080 3 1
216 1080 3 1
432 1080 3 1
648 1080 3 1
864 1080 3 1
1080 1080 3 1
1296 1080 3 1
1512 1080 3 1
1728 1080 3 1
1944 1080 3 1
2160 1080 3 1
2376 1080 3 1
2592 1080 3 1
0 1260 3 1
216 1260 3 1
432 1260 3 1
648 1260 3 1
864 1260 3 1
1080 1260 3 1
1296 1260 3 1
1512 1260 3 1
1728 1260 3 1
1944 1260 3 1
2160 1260 3 1
2376 1260 3 1
2592 1260 3 1
0 1440 3 1
216 1440 3 1
432 1440 3 1
648 1440 3 1
864 1440 3 1
1080 1440 3 1
1296 1440 3 1
1512 1440 3 1
1728 1440 3 1
1944 1440 3 1
2160 1440 3 1
2376 1440 3 1
2592 1440 3 1
0 1620 3 1
216 1620 3 1
432 1620 3 1
648 1620 3 1
864 1620 3 1
1080 1620 3 1
1296 1620 3 1
1512 1620 3 1
1728 1620 3 1
1944 1620 3 1
2160 1620 3 1
2376 1620 3 1
2592 1620 3 1
0 1800 3 1
216 1800 3 1
432 1800 3 1
648 1800 3 1
864 1800 3 1
1080 1800 3 1
1296 1800 3 1
1512 1800 3 1
1728 1800 3 1
1944 1800 3 1
2160 1800 3 1
2376 1800 3 1
2592 1800 3 1
0 1980 3 1
216 1980 3 1
432 1980 3 1
648 1980 3 1
864 1980 3 1
1080 1980 3 1
1296 1980 3 1
1512 1980 3 1
1728 1980 3 1
1944 1980 3 1
2160 1980 3 1
2376 1980 3 1
2592 1980 3 1
0 2160 3 1
216 2160 3 1
432 2160 3 1
648 2160 3 1
864 2160 3 1
1080 2160 3 1
1296 2160 3 1
1512 2160 3 1
1728 2160 3 1
1944 2160 3 1
2160 2160 3 1
2376 2160 3 1
2592 2160 3 1
0 2340 3 1
216 2340 3 1
432 2340 3 1
648 2340 3 1
864 2340 3 1
1080 2340 3 1
1296 2340 3 1
1512 2340 3 1
1728 2340 3 1
1944 2340 3 1
2160 2340 3 1
2376 2340 3 1
2592 2340 3 1
0 2520 3 1
216 2520 3 1
432 2520 3 1
648 2520 3 1
864 2520 3 1
1080 2520 3 1
1296 2520 3 1
1512 2520 3 1
1728 2520 3 1
1944 2520 3 1
2160 2520 3 1
2376 2520 3 1
2592 2520 3 1
0 0 4 2
0 180 4 2
0 360 4 2
0 540 4 2
0 720 4 2
0 900 4 2
0 1080 4 2
0 1260 4 2
0 1440 4 2
0 1620 4 2
0 1800 4 2
0 1980 4 2
0 2160 4 2
0 2340 4 2
0 2520 4 2
216 0 4 2
216 180 4 2
216 360 4 2
216 540 4 2
216 720 4 2
216 900 4 2
216 1080 4 2
216 1260 4 2
216 1440 4 2
216 1620 4 2
216 1800 4 2
216 1980 4 2
216 2160 4 2
216 2340 4 2
216 2520 4 2
432 0 4 2
432 180 4 2
432 360 4 2
432 540 4 2
432 720 4 2
432 900 4 2
432 1080 4 2
432 1260 4 2
432 1440 4 2
432 1620 4 2
432 1800 4 2
432 1980 4 2
432 2160 4 2
432 2340 4 2
432 2520 4 2
648 0 4 2
648 180 4 2
648 360 4 2
648 540 4 2
648 720 4 2
648 900 4 2
648 1080 4 2
648 1260 4 2
648 1440 4 2
648 1620 4 2
648 1800 4 2
648 1980 4 2
648 2160 4 2
648 2340 4 2
648 2520 4 2
864 0 4 2
864 180 4 2
864 360 4 2
864 540 4 2
864 720 4 2
864 900 4 2
864 1080 4 2
864 1260 4 2
864 1440 4 2
864 1620 4 2
864 1800 4 2
864 1980 4 2
864 2160 4 2
864 2340 4 2
864 2520 4 2
1080 0 4 2
1080 180 4 2
1080 360 4 2
1080 540 4 2
1080 720 4 2
1080 900 4 2
1080 1080 4 2
1080 1260 4 2
1080 1440 4 2
1080 1620 4 2
1080 1800 4 2
1080 1980 4 2
1080 2160 4 2
1080 2340 4 2
1080 2520 4 2
1296 0 4 2
1296 180 4 2
1296 360 4 2
1296 540 4 2
1296 720 4 2
1296 900 4 2
1296 1080 4 2
1296 1260 4 2
1296 1440 4 2
1296 1620 4 2
1296 1800 4 2
1296 1980 4 2
1296 2160 4 2
1296 2340 4 2
1296 2520 4 2
1512 0 4 2
1512 180 4 2
1512 360 4 2
1512 540 4 2
1512 720 4 2
1512 900 4 2
1512 1080 4 2
1512 1260 4 2
1512 1440 4 2
1512 1620 4 2
1512 1800 4 2
1512 1980 4 2
1512 2160 4 2
1512 2340 4 2
1512 2520 4 2
1728 0 4 2
1728 180 4 2
1728 360 4 2
1728 540 4 2
1728 720 4 2
1728 900 4 2
1728 1080 4 2
1728 1260 4 2
1728 1440 4 2
1728 1620 4 2
1728 1800 4 2
1728 1980 4 2
1728 2160 4 2
1728 2340 4 2
1728 2520 4 2
1944 0 4 2
1944 180 4 2
1944 360 4 2
1944 540 4 2
1944 720 4 2
1944 900 4 2
1944 1080 4 2
1944 1260 4 2
1944 1440 4 2
1944 1620 4 2
1944 1800 4 2
1944 1980 4 2
1944 2160 4 2
1944 2340 4 2
1944 2520 4 2
2160 0 4 2
2160 180 4 2
2160 360 4 2
2160 540 4 2
2160 720 4 2
2160 900 4 2
2160 1080 4 2
2160 1260 4 2
2160 1440 4 2
2160 1620 4 2
2160 1800 4 2
2160 1980 4 2
2160 2160 4 2
2160 2340 4 2
2160 2520 4 2
2376 0 4 2
2376 180 4 2
2376 360 4 2
2376 540 4 2
2376 720 4 2
2376 900 4 2
2376 1080 4 2
2376 1260 4 2
2376 1440 4 2
2376 1620 4 2
2376 1800 4 2
2376 1980 4 2
2376 2160 4 2
2376 2340 4 2
2376 2520 4 2
2592 0 4 2
2592 180 4 2
2592 360 4 2
2592 540 4 2
2592 720 4 2
2592 900 4 2
2592 1080 4 2
2592 1260 4 2
2592 1440 4 2
2592 1620 4 2
2592 1800 4 2
2592 1980 4 2
2592 2160 4 2
2592 2340 4 2
2592 2520 4 2
