240 13744 1040 13808 1 2
240 13744 1040 13808 2 2
240 13744 1040 13808 0 2
240 13744 1040 13808 1 2
240 14416 1040 14480 1 2
240 14416 1040 14480 2 2
240 14416 1040 14480 0 2
240 14416 1040 14480 1 2
448 12360 512 14184 0 2
448 12360 512 14184 1 2
448 14040 512 15864 0 2
448 14040 512 15864 1 2
400 12232 1360 12296 1 2
400 12232 1360 12296 2 2
400 12232 1360 12296 0 2
400 12232 1360 12296 1 2
400 13912 1360 13976 1 2
400 13912 1360 13976 2 2
400 13912 1360 13976 0 2
400 13912 1360 13976 1 2
400 14248 1200 14312 1 2
400 14248 1200 14312 2 2
400 14248 1200 14312 0 2
400 14248 1200 14312 1 2
608 10176 672 10992 0 2
608 10176 672 10992 1 2
608 11688 672 12504 0 2
608 11688 672 12504 1 2
608 12360 672 14184 0 2
608 12360 672 14184 1 2
608 14040 672 15864 0 2
608 14040 672 15864 1 2
512 14080 1248 14144 1 2
512 14080 1248 14144 2 2
512 14080 1248 14144 0 2
512 14080 1248 14144 1 2
560 13744 1040 13808 1 2
560 13744 1040 13808 2 2
560 13744 1040 13808 0 2
560 13744 1040 13808 1 2
560 14080 1040 14144 1 2
560 14080 1040 14144 2 2
560 14080 1040 14144 0 2
560 14080 1040 14144 1 2
592 13576 1328 13640 1 2
592 13576 1328 13640 2 2
592 13576 1328 13640 0 2
592 13576 1328 13640 1 2
760 13516 840 14288 2 2
760 13516 840 14288 3 2
760 13524 840 14280 1 2
760 13524 840 14280 2 2
760 13528 840 14024 2 2
760 13528 840 14024 3 2
760 13536 840 14016 1 2
760 13536 840 14016 2 2
760 13864 840 14360 2 2
760 13864 840 14360 3 2
760 13872 840 14352 1 2
760 13872 840 14352 2 2
768 12360 832 14184 0 2
768 12360 832 14184 1 2
768 14040 832 15864 0 2
768 14040 832 15864 1 2
720 9040 1200 9104 1 2
720 9040 1200 9104 2 2
720 9040 1200 9104 0 2
720 9040 1200 9104 1 2
720 13576 1200 13640 1 2
720 13576 1200 13640 2 2
720 13576 1200 13640 0 2
720 13576 1200 13640 1 2
720 14080 1200 14144 1 2
720 14080 1200 14144 2 2
720 14080 1200 14144 0 2
720 14080 1200 14144 1 2
920 8824 1000 9320 2 2
920 8824 1000 9320 3 2
920 8832 1000 9312 1 2
920 8832 1000 9312 2 2
920 8896 1000 13784 2 2
920 8896 1000 13784 3 2
920 8904 1000 13776 1 2
920 8904 1000 13776 2 2
920 13360 1000 13856 2 2
920 13360 1000 13856 3 2
920 13368 1000 13848 1 2
920 13368 1000 13848 2 2
920 13864 1000 14360 2 2
920 13864 1000 14360 3 2
920 13872 1000 14352 1 2
920 13872 1000 14352 2 2
920 13936 1000 14456 2 2
920 13936 1000 14456 3 2
920 13944 1000 14448 1 2
920 13944 1000 14448 2 2
920 14032 1000 16208 2 2
920 14032 1000 16208 3 2
920 14040 1000 16200 1 2
920 14040 1000 16200 2 2
928 7656 992 9480 0 2
928 7656 992 9480 1 2
928 13368 992 13848 0 2
928 13368 992 13848 1 2
928 13440 992 18984 0 2
928 13440 992 18984 1 2
880 5848 1680 5912 1 2
880 5848 1680 5912 2 2
880 5848 1680 5912 0 2
880 5848 1680 5912 1 2
880 7528 1840 7592 1 2
880 7528 1840 7592 2 2
880 7528 1840 7592 0 2
880 7528 1840 7592 1 2
880 9208 1840 9272 1 2
880 9208 1840 9272 2 2
880 9208 1840 9272 0 2
880 9208 1840 9272 1 2
1080 12016 1160 14192 2 2
1080 12016 1160 14192 3 2
1080 12024 1160 14184 1 2
1080 12024 1160 14184 2 2
1080 13768 1160 23192 2 2
1080 13768 1160 23192 3 2
1080 13776 1160 23184 1 2
1080 13776 1160 23184 2 2
1088 5472 1152 6288 0 2
1088 5472 1152 6288 1 2
1088 6984 1152 7800 0 2
1088 6984 1152 7800 1 2
1088 7656 1152 9480 0 2
1088 7656 1152 9480 1 2
1248 7656 1312 9480 0 2
1248 7656 1312 9480 1 2
1150 5504 1730 5584 3 2
1150 5504 1730 5584 4 2
1150 5504 1730 5584 2 2
1150 5504 1730 5584 3 2
1200 5848 1680 5912 1 2
1200 5848 1680 5912 2 2
1200 5848 1680 5912 0 2
1200 5848 1680 5912 1 2
1400 5288 1480 5800 2 2
1400 5288 1480 5800 3 2
1400 5296 1480 5792 1 2
1400 5296 1480 5792 2 2
1400 5326 1480 6098 2 2
1400 5326 1480 6098 3 2
1400 5334 1480 6090 1 2
1400 5334 1480 6090 2 2
1400 5632 1480 6128 2 2
1400 5632 1480 6128 3 2
1400 5640 1480 6120 1 2
1400 5640 1480 6120 2 2
1240 5848 1640 5912 1 2
1240 5848 1640 5912 2 2
1240 5848 1640 5912 0 2
1240 5848 1640 5912 1 2
1230 5504 2514 5584 3 2
1230 5504 2514 5584 4 2
1230 5504 2514 5584 2 2
1230 5504 2514 5584 3 2
1360 9544 2160 9608 1 2
1360 9544 2160 9608 2 2
1360 9544 2160 9608 0 2
1360 9544 2160 9608 1 2
1360 11224 2480 11288 1 2
1360 11224 2480 11288 2 2
1360 11224 2480 11288 0 2
1360 11224 2480 11288 1 2
1560 7312 1640 9488 2 2
1560 7312 1640 9488 3 2
1560 7320 1640 9480 1 2
1560 7320 1640 9480 2 2
1560 9328 1640 11504 2 2
1560 9328 1640 11504 3 2
1560 9336 1640 11496 1 2
1560 9336 1640 11496 2 2
1520 9880 2640 9944 1 2
1520 9880 2640 9944 2 2
1520 9880 2640 9944 0 2
1520 9880 2640 9944 1 2
1728 9336 1792 11160 0 2
1728 9336 1792 11160 1 2
1630 11048 2210 11128 3 2
1630 11048 2210 11128 4 2
1630 11048 2210 11128 2 2
1630 11048 2210 11128 3 2
1680 9712 2480 9776 1 2
1680 9712 2480 9776 2 2
1680 9712 2480 9776 0 2
1680 9712 2480 9776 1 2
1680 12904 2480 12968 1 2
1680 12904 2480 12968 2 2
1680 12904 2480 12968 0 2
1680 12904 2480 12968 1 2
1880 9664 1960 13184 2 2
1880 9664 1960 13184 3 2
1880 9672 1960 13176 1 2
1880 9672 1960 13176 2 2
1880 10832 1960 11344 2 2
1880 10832 1960 11344 3 2
1880 10840 1960 11336 1 2
1880 10840 1960 11336 2 2
1880 10872 1960 11304 2 2
1880 10872 1960 11304 3 2
1880 10880 1960 11296 1 2
1880 10880 1960 11296 2 2
1888 9336 1952 11160 0 2
1888 9336 1952 11160 1 2
1888 11016 1952 11832 0 2
1888 11016 1952 11832 1 2
1888 12528 1952 13344 0 2
1888 12528 1952 13344 1 2
1710 11048 2514 11128 3 2
1710 11048 2514 11128 4 2
1710 11048 2514 11128 2 2
1710 11048 2514 11128 3 2
2048 9336 2112 11160 0 2
2048 9336 2112 11160 1 2
2208 9336 2272 11160 0 2
2208 9336 2272 11160 1 2
2208 11016 2272 11832 0 2
2208 11016 2272 11832 1 2
2208 12528 2272 13344 0 2
2208 12528 2272 13344 1 2
2014 5504 2594 5584 3 2
2014 5504 2594 5584 4 2
2014 5504 2594 5584 2 2
2014 5504 2594 5584 3 2
2014 5840 2594 5920 3 2
2014 5840 2594 5920 4 2
2014 5840 2594 5920 2 2
2014 5840 2594 5920 3 2
2014 11048 2594 11128 3 2
2014 11048 2594 11128 4 2
2014 11048 2594 11128 2 2
2014 11048 2594 11128 3 2
2240 5246 2368 5842 4 2
2240 5246 2368 5842 5 2
2240 5270 2368 5818 3 2
2240 5270 2368 5818 4 2
2240 5582 2368 6178 4 2
2240 5582 2368 6178 5 2
2240 5606 2368 6154 3 2
2240 5606 2368 6154 4 2
2072 9712 3368 9776 1 2
2072 9712 3368 9776 2 2
2072 9712 3368 9776 0 2
2072 9712 3368 9776 1 2
2240 10790 2368 11386 4 2
2240 10790 2368 11386 5 2
2240 10814 2368 11362 3 2
2240 10814 2368 11362 4 2
2094 5840 4210 5920 3 2
2094 5840 4210 5920 4 2
2094 5840 4210 5920 2 2
2094 5840 4210 5920 3 2
2368 9336 2432 11160 0 2
2368 9336 2432 11160 1 2
2910 9704 3490 9784 3 2
2910 9704 3490 9784 4 2
2910 9704 3490 9784 2 2
2910 9704 3490 9784 3 2
2960 9712 3440 9776 1 2
2960 9712 3440 9776 2 2
2960 9712 3440 9776 0 2
2960 9712 3440 9776 1 2
3160 9358 3240 10130 2 2
3160 9358 3240 10130 3 2
3160 9366 3240 10122 1 2
3160 9366 3240 10122 2 2
3160 9488 3240 10000 2 2
3160 9488 3240 10000 3 2
3160 9496 3240 9992 1 2
3160 9496 3240 9992 2 2
3160 9496 3240 9992 2 2
3160 9496 3240 9992 3 2
3160 9504 3240 9984 1 2
3160 9504 3240 9984 2 2
2990 9704 4370 9784 3 2
2990 9704 4370 9784 4 2
2990 9704 4370 9784 2 2
2990 9704 4370 9784 3 2
3280 9208 4560 9272 1 2
3280 9208 4560 9272 2 2
3280 9208 4560 9272 0 2
3280 9208 4560 9272 1 2
3280 11560 4240 11624 1 2
3280 11560 4240 11624 2 2
3280 11560 4240 11624 0 2
3280 11560 4240 11624 1 2
3280 14584 3760 14648 1 2
3280 14584 3760 14648 2 2
3280 14584 3760 14648 0 2
3280 14584 3760 14648 1 2
3480 8992 3560 11840 2 2
3480 8992 3560 11840 3 2
3480 9000 3560 11832 1 2
3480 9000 3560 11832 2 2
3480 11416 3560 14792 2 2
3480 11416 3560 14792 3 2
3480 11424 3560 14784 1 2
3480 11424 3560 14784 2 2
3480 14368 3560 14864 2 2
3480 14368 3560 14864 3 2
3480 14376 3560 14856 1 2
3480 14376 3560 14856 2 2
3352 14584 3848 14648 1 2
3352 14584 3848 14648 2 2
3352 14584 3848 14648 0 2
3352 14584 3848 14648 1 2
3440 7360 4240 7424 1 2
3440 7360 4240 7424 2 2
3440 7360 4240 7424 0 2
3440 7360 4240 7424 1 2
3440 9040 4240 9104 1 2
3440 9040 4240 9104 2 2
3440 9040 4240 9104 0 2
3440 9040 4240 9104 1 2
3440 9880 4240 9944 1 2
3440 9880 4240 9944 2 2
3440 9880 4240 9944 0 2
3440 9880 4240 9944 1 2
3440 11392 4560 11456 1 2
3440 11392 4560 11456 2 2
3440 11392 4560 11456 0 2
3440 11392 4560 11456 1 2
3440 14416 3920 14480 1 2
3440 14416 3920 14480 2 2
3440 14416 3920 14480 0 2
3440 14416 3920 14480 1 2
3440 14584 3920 14648 1 2
3440 14584 3920 14648 2 2
3440 14584 3920 14648 0 2
3440 14584 3920 14648 1 2
3640 8824 3720 11672 2 2
3640 8824 3720 11672 3 2
3640 8832 3720 11664 1 2
3640 8832 3720 11664 2 2
3640 11248 3720 14624 2 2
3640 11248 3720 14624 3 2
3640 11256 3720 14616 1 2
3640 11256 3720 14616 2 2
3640 14200 3720 14696 2 2
3640 14200 3720 14696 3 2
3640 14208 3720 14688 1 2
3640 14208 3720 14688 2 2
3648 14376 3712 14856 0 2
3648 14376 3712 14856 1 2
3648 14448 3712 19488 0 2
3648 14448 3712 19488 1 2
3512 14416 4168 14480 1 2
3512 14416 4168 14480 2 2
3512 14416 4168 14480 0 2
3512 14416 4168 14480 1 2
3600 7528 4560 7592 1 2
3600 7528 4560 7592 2 2
3600 7528 4560 7592 0 2
3600 7528 4560 7592 1 2
3600 8872 4720 8936 1 2
3600 8872 4720 8936 2 2
3600 8872 4720 8936 0 2
3600 8872 4720 8936 1 2
3600 11224 4720 11288 1 2
3600 11224 4720 11288 2 2
3600 11224 4720 11288 0 2
3600 11224 4720 11288 1 2
3800 7312 3880 10160 2 2
3800 7312 3880 10160 3 2
3800 7320 3880 10152 1 2
3800 7320 3880 10152 2 2
3808 7656 3872 9480 0 2
3808 7656 3872 9480 1 2
3808 10008 3872 11832 0 2
3808 10008 3872 11832 1 2
3808 14712 3872 16536 0 2
3808 14712 3872 16536 1 2
