240 14416 1040 14480 1 2
240 14416 1040 14480 2 2
240 14416 1040 14480 0 2
240 14416 1040 14480 1 2
448 12360 512 14184 0 2
448 12360 512 14184 1 2
448 14040 512 15864 0 2
448 14040 512 15864 1 2
400 10552 1200 10616 1 2
400 10552 1200 10616 2 2
400 10552 1200 10616 0 2
400 10552 1200 10616 1 2
400 12232 1360 12296 1 2
400 12232 1360 12296 2 2
400 12232 1360 12296 0 2
400 12232 1360 12296 1 2
400 13912 1360 13976 1 2
400 13912 1360 13976 2 2
400 13912 1360 13976 0 2
400 13912 1360 13976 1 2
400 14248 1200 14312 1 2
400 14248 1200 14312 2 2
400 14248 1200 14312 0 2
400 14248 1200 14312 1 2
400 15928 1200 15992 1 2
400 15928 1200 15992 2 2
400 15928 1200 15992 0 2
400 15928 1200 15992 1 2
608 10176 672 10992 0 2
608 10176 672 10992 1 2
608 11688 672 12504 0 2
608 11688 672 12504 1 2
608 12360 672 14184 0 2
608 12360 672 14184 1 2
608 14040 672 15864 0 2
608 14040 672 15864 1 2
608 15720 672 16536 0 2
608 15720 672 16536 1 2
592 13576 1328 13640 1 2
592 13576 1328 13640 2 2
592 13576 1328 13640 0 2
592 13576 1328 13640 1 2
760 14200 840 17888 2 2
760 14200 840 17888 3 2
760 14208 840 17880 1 2
760 14208 840 17880 2 2
768 12360 832 14184 0 2
768 12360 832 14184 1 2
768 14040 832 15864 0 2
768 14040 832 15864 1 2
720 9040 1200 9104 1 2
720 9040 1200 9104 2 2
720 9040 1200 9104 0 2
720 9040 1200 9104 1 2
720 13576 1200 13640 1 2
720 13576 1200 13640 2 2
720 13576 1200 13640 0 2
720 13576 1200 13640 1 2
920 8824 1000 9320 2 2
920 8824 1000 9320 3 2
920 8832 1000 9312 1 2
920 8832 1000 9312 2 2
920 8896 1000 13784 2 2
920 8896 1000 13784 3 2
920 8904 1000 13776 1 2
920 8904 1000 13776 2 2
920 13360 1000 13856 2 2
920 13360 1000 13856 3 2
920 13368 1000 13848 1 2
920 13368 1000 13848 2 2
928 7656 992 9480 0 2
928 7656 992 9480 1 2
928 13368 992 13848 0 2
928 13368 992 13848 1 2
928 13440 992 18984 0 2
928 13440 992 18984 1 2
880 4336 1680 4400 1 2
880 4336 1680 4400 2 2
880 4336 1680 4400 0 2
880 4336 1680 4400 1 2
880 5848 1680 5912 1 2
880 5848 1680 5912 2 2
880 5848 1680 5912 0 2
880 5848 1680 5912 1 2
880 7528 1840 7592 1 2
880 7528 1840 7592 2 2
880 7528 1840 7592 0 2
880 7528 1840 7592 1 2
880 9208 1840 9272 1 2
880 9208 1840 9272 2 2
880 9208 1840 9272 0 2
880 9208 1840 9272 1 2
1080 12016 1160 14192 2 2
1080 12016 1160 14192 3 2
1080 12024 1160 14184 1 2
1080 12024 1160 14184 2 2
1080 13768 1160 23192 2 2
1080 13768 1160 23192 3 2
1080 13776 1160 23184 1 2
1080 13776 1160 23184 2 2
1088 2952 1152 4776 0 2
1088 2952 1152 4776 1 2
1088 5472 1152 6288 0 2
1088 5472 1152 6288 1 2
1088 6984 1152 7800 0 2
1088 6984 1152 7800 1 2
1088 7656 1152 9480 0 2
1088 7656 1152 9480 1 2
1040 1144 1840 1208 1 2
1040 1144 1840 1208 2 2
1040 1144 1840 1208 0 2
1040 1144 1840 1208 1 2
1040 2824 1840 2888 1 2
1040 2824 1840 2888 2 2
1040 2824 1840 2888 0 2
1040 2824 1840 2888 1 2
1040 4504 1840 4568 1 2
1040 4504 1840 4568 2 2
1040 4504 1840 4568 0 2
1040 4504 1840 4568 1 2
1248 768 1312 1584 0 2
1248 768 1312 1584 1 2
1248 2280 1312 3096 0 2
1248 2280 1312 3096 1 2
1248 2952 1312 4776 0 2
1248 2952 1312 4776 1 2
1248 7656 1312 9480 0 2
1248 7656 1312 9480 1 2
1408 2952 1472 4776 0 2
1408 2952 1472 4776 1 2
1272 4336 2728 4400 1 2
1272 4336 2728 4400 2 2
1272 4336 2728 4400 0 2
1272 4336 2728 4400 1 2
1312 2992 2048 3056 1 2
1312 2992 2048 3056 2 2
1312 2992 2048 3056 0 2
1312 2992 2048 3056 1 2
1360 2992 1840 3056 1 2
1360 2992 1840 3056 2 2
1360 2992 1840 3056 0 2
1360 2992 1840 3056 1 2
1360 9544 2160 9608 1 2
1360 9544 2160 9608 2 2
1360 9544 2160 9608 0 2
1360 9544 2160 9608 1 2
1360 11224 2480 11288 1 2
1360 11224 2480 11288 2 2
1360 11224 2480 11288 0 2
1360 11224 2480 11288 1 2
1560 2776 1640 3272 2 2
1560 2776 1640 3272 3 2
1560 2784 1640 3264 1 2
1560 2784 1640 3264 2 2
1560 2848 1640 7736 2 2
1560 2848 1640 7736 3 2
1560 2856 1640 7728 1 2
1560 2856 1640 7728 2 2
1560 7312 1640 9488 2 2
1560 7312 1640 9488 3 2
1560 7320 1640 9480 1 2
1560 7320 1640 9480 2 2
1560 9328 1640 11504 2 2
1560 9328 1640 11504 3 2
1560 9336 1640 11496 1 2
1560 9336 1640 11496 2 2
1432 2824 1928 2888 1 2
1432 2824 1928 2888 2 2
1432 2824 1928 2888 0 2
1432 2824 1928 2888 1 2
1432 4504 2408 4568 1 2
1432 4504 2408 4568 2 2
1432 4504 2408 4568 0 2
1432 4504 2408 4568 1 2
1470 2816 2050 2896 3 2
1470 2816 2050 2896 4 2
1470 2816 2050 2896 2 2
1470 2816 2050 2896 3 2
1520 2824 2000 2888 1 2
1520 2824 2000 2888 2 2
1520 2824 2000 2888 0 2
1520 2824 2000 2888 1 2
1520 2992 2000 3056 1 2
1520 2992 2000 3056 2 2
1520 2992 2000 3056 0 2
1520 2992 2000 3056 1 2
1520 9880 2640 9944 1 2
1520 9880 2640 9944 2 2
1520 9880 2640 9944 0 2
1520 9880 2640 9944 1 2
1720 2470 1800 3242 2 2
1720 2470 1800 3242 3 2
1720 2478 1800 3234 1 2
1720 2478 1800 3234 2 2
1720 2600 1800 3112 2 2
1720 2600 1800 3112 3 2
1720 2608 1800 3104 1 2
1720 2608 1800 3104 2 2
1720 2608 1800 3104 2 2
1720 2608 1800 3104 3 2
1720 2616 1800 3096 1 2
1720 2616 1800 3096 2 2
1720 2768 1800 3280 2 2
1720 2768 1800 3280 3 2
1720 2776 1800 3272 1 2
1720 2776 1800 3272 2 2
1720 2776 1800 3272 2 2
1720 2776 1800 3272 3 2
1720 2784 1800 3264 1 2
1720 2784 1800 3264 2 2
1728 9336 1792 11160 0 2
1728 9336 1792 11160 1 2
1550 2816 4050 2896 3 2
1550 2816 4050 2896 4 2
1550 2816 4050 2896 2 2
1550 2816 4050 2896 3 2
1680 9712 2480 9776 1 2
1680 9712 2480 9776 2 2
1680 9712 2480 9776 0 2
1680 9712 2480 9776 1 2
1680 12904 2480 12968 1 2
1680 12904 2480 12968 2 2
1680 12904 2480 12968 0 2
1680 12904 2480 12968 1 2
1880 9664 1960 13184 2 2
1880 9664 1960 13184 3 2
1880 9672 1960 13176 1 2
1880 9672 1960 13176 2 2
1888 9336 1952 11160 0 2
1888 9336 1952 11160 1 2
1888 11016 1952 11832 0 2
1888 11016 1952 11832 1 2
1888 12528 1952 13344 0 2
1888 12528 1952 13344 1 2
2048 9336 2112 11160 0 2
2048 9336 2112 11160 1 2
2000 2824 2480 2888 1 2
2000 2824 2480 2888 2 2
2000 2824 2480 2888 0 2
2000 2824 2480 2888 1 2
2000 4504 2480 4568 1 2
2000 4504 2480 4568 2 2
2000 4504 2480 4568 0 2
2000 4504 2480 4568 1 2
2000 4672 2480 4736 1 2
2000 4672 2480 4736 2 2
2000 4672 2480 4736 0 2
2000 4672 2480 4736 1 2
2208 2616 2272 3096 0 2
2208 2616 2272 3096 1 2
2208 2688 2272 4704 0 2
2208 2688 2272 4704 1 2
2208 4296 2272 4776 0 2
2208 4296 2272 4776 1 2
2208 4368 2272 4872 0 2
2208 4368 2272 4872 1 2
2208 4464 2272 4944 0 2
2208 4464 2272 4944 1 2
2208 9336 2272 11160 0 2
2208 9336 2272 11160 1 2
2208 11016 2272 11832 0 2
2208 11016 2272 11832 1 2
2208 12528 2272 13344 0 2
2208 12528 2272 13344 1 2
2072 2824 2728 2888 1 2
2072 2824 2728 2888 2 2
2072 2824 2728 2888 0 2
2072 2824 2728 2888 1 2
2072 4672 4648 4736 1 2
2072 4672 4648 4736 2 2
2072 4672 4648 4736 0 2
2072 4672 4648 4736 1 2
2072 9712 3368 9776 1 2
2072 9712 3368 9776 2 2
2072 9712 3368 9776 0 2
2072 9712 3368 9776 1 2
2160 4168 3920 4232 1 2
2160 4168 3920 4232 2 2
2160 4168 3920 4232 0 2
2160 4168 3920 4232 1 2
2368 2952 2432 4776 0 2
2368 2952 2432 4776 1 2
2368 9336 2432 11160 0 2
2368 9336 2432 11160 1 2
2320 1144 3760 1208 1 2
2320 1144 3760 1208 2 2
2320 1144 3760 1208 0 2
2320 1144 3760 1208 1 2
2320 2824 3760 2888 1 2
2320 2824 3760 2888 2 2
2320 2824 3760 2888 0 2
2320 2824 3760 2888 1 2
2320 4336 2800 4400 1 2
2320 4336 2800 4400 2 2
2320 4336 2800 4400 0 2
2320 4336 2800 4400 1 2
2320 4504 2800 4568 1 2
2320 4504 2800 4568 2 2
2320 4504 2800 4568 0 2
2320 4504 2800 4568 1 2
2520 4066 2600 4838 2 2
2520 4066 2600 4838 3 2
2520 4074 2600 4830 1 2
2520 4074 2600 4830 2 2
2520 4120 2600 4616 2 2
2520 4120 2600 4616 3 2
2520 4128 2600 4608 1 2
2520 4128 2600 4608 2 2
2520 4288 2600 4784 2 2
2520 4288 2600 4784 3 2
2520 4296 2600 4776 1 2
2520 4296 2600 4776 2 2
2528 768 2592 1584 0 2
2528 768 2592 1584 1 2
2528 2280 2592 3096 0 2
2528 2280 2592 3096 1 2
2528 2952 2592 4776 0 2
2528 2952 2592 4776 1 2
2688 2952 2752 4776 0 2
2688 2952 2752 4776 1 2
2640 4336 3440 4400 1 2
2640 4336 3440 4400 2 2
2640 4336 3440 4400 0 2
2640 4336 3440 4400 1 2
2848 768 2912 1584 0 2
2848 768 2912 1584 1 2
2848 2280 2912 3096 0 2
2848 2280 2912 3096 1 2
2848 2952 2912 4776 0 2
2848 2952 2912 4776 1 2
3000 928 3080 4448 2 2
3000 928 3080 4448 3 2
3000 936 3080 4440 1 2
3000 936 3080 4440 2 2
3008 2952 3072 4776 0 2
3008 2952 3072 4776 1 2
2910 9704 3490 9784 3 2
2910 9704 3490 9784 4 2
2910 9704 3490 9784 2 2
2910 9704 3490 9784 3 2
2960 9712 3440 9776 1 2
2960 9712 3440 9776 2 2
2960 9712 3440 9776 0 2
2960 9712 3440 9776 1 2
3160 9358 3240 10130 2 2
3160 9358 3240 10130 3 2
3160 9366 3240 10122 1 2
3160 9366 3240 10122 2 2
3160 9488 3240 10000 2 2
3160 9488 3240 10000 3 2
3160 9496 3240 9992 1 2
3160 9496 3240 9992 2 2
3160 9496 3240 9992 2 2
3160 9496 3240 9992 3 2
3160 9504 3240 9984 1 2
3160 9504 3240 9984 2 2
3168 768 3232 1584 0 2
3168 768 3232 1584 1 2
3168 2280 3232 3096 0 2
3168 2280 3232 3096 1 2
3168 2952 3232 4776 0 2
3168 2952 3232 4776 1 2
3032 4336 4808 4400 1 2
3032 4336 4808 4400 2 2
3032 4336 4808 4400 0 2
3032 4336 4808 4400 1 2
2990 9704 4370 9784 3 2
2990 9704 4370 9784 4 2
2990 9704 4370 9784 2 2
2990 9704 4370 9784 3 2
3328 2952 3392 4776 0 2
3328 2952 3392 4776 1 2
3280 9208 4560 9272 1 2
3280 9208 4560 9272 2 2
3280 9208 4560 9272 0 2
3280 9208 4560 9272 1 2
3280 11560 4240 11624 1 2
3280 11560 4240 11624 2 2
3280 11560 4240 11624 0 2
3280 11560 4240 11624 1 2
3280 14584 3760 14648 1 2
3280 14584 3760 14648 2 2
3280 14584 3760 14648 0 2
3280 14584 3760 14648 1 2
3480 8992 3560 11840 2 2
3480 8992 3560 11840 3 2
3480 9000 3560 11832 1 2
3480 9000 3560 11832 2 2
3480 11416 3560 14792 2 2
3480 11416 3560 14792 3 2
3480 11424 3560 14784 1 2
3480 11424 3560 14784 2 2
3480 14368 3560 14864 2 2
3480 14368 3560 14864 3 2
3480 14376 3560 14856 1 2
3480 14376 3560 14856 2 2
3488 768 3552 1584 0 2
3488 768 3552 1584 1 2
3488 2280 3552 3096 0 2
3488 2280 3552 3096 1 2
3488 2952 3552 4776 0 2
3488 2952 3552 4776 1 2
3352 14584 3848 14648 1 2
3352 14584 3848 14648 2 2
3352 14584 3848 14648 0 2
3352 14584 3848 14648 1 2
3440 7360 4240 7424 1 2
3440 7360 4240 7424 2 2
3440 7360 4240 7424 0 2
3440 7360 4240 7424 1 2
3440 9040 4240 9104 1 2
3440 9040 4240 9104 2 2
3440 9040 4240 9104 0 2
3440 9040 4240 9104 1 2
3440 9880 4240 9944 1 2
3440 9880 4240 9944 2 2
3440 9880 4240 9944 0 2
3440 9880 4240 9944 1 2
3440 11392 4560 11456 1 2
3440 11392 4560 11456 2 2
3440 11392 4560 11456 0 2
3440 11392 4560 11456 1 2
3440 14416 3920 14480 1 2
3440 14416 3920 14480 2 2
3440 14416 3920 14480 0 2
3440 14416 3920 14480 1 2
3440 14584 3920 14648 1 2
3440 14584 3920 14648 2 2
3440 14584 3920 14648 0 2
3440 14584 3920 14648 1 2
3440 16264 4240 16328 1 2
3440 16264 4240 16328 2 2
3440 16264 4240 16328 0 2
3440 16264 4240 16328 1 2
3640 8824 3720 11672 2 2
3640 8824 3720 11672 3 2
3640 8832 3720 11664 1 2
3640 8832 3720 11664 2 2
3640 11248 3720 14624 2 2
3640 11248 3720 14624 3 2
3640 11256 3720 14616 1 2
3640 11256 3720 14616 2 2
3640 14200 3720 14696 2 2
3640 14200 3720 14696 3 2
3640 14208 3720 14688 1 2
3640 14208 3720 14688 2 2
3648 2952 3712 4776 0 2
3648 2952 3712 4776 1 2
3648 14376 3712 14856 0 2
3648 14376 3712 14856 1 2
3648 14448 3712 19488 0 2
3648 14448 3712 19488 1 2
3512 14416 4168 14480 1 2
3512 14416 4168 14480 2 2
3512 14416 4168 14480 0 2
3512 14416 4168 14480 1 2
3550 2816 4130 2896 3 2
3550 2816 4130 2896 4 2
3550 2816 4130 2896 2 2
3550 2816 4130 2896 3 2
3600 2824 4080 2888 1 2
3600 2824 4080 2888 2 2
3600 2824 4080 2888 0 2
3600 2824 4080 2888 1 2
3600 7528 4560 7592 1 2
3600 7528 4560 7592 2 2
3600 7528 4560 7592 0 2
3600 7528 4560 7592 1 2
3600 8872 4720 8936 1 2
3600 8872 4720 8936 2 2
3600 8872 4720 8936 0 2
3600 8872 4720 8936 1 2
3600 11224 4720 11288 1 2
3600 11224 4720 11288 2 2
3600 11224 4720 11288 0 2
3600 11224 4720 11288 1 2
3600 15928 4720 15992 1 2
3600 15928 4720 15992 2 2
3600 15928 4720 15992 0 2
3600 15928 4720 15992 1 2
3600 16096 4080 16160 1 2
3600 16096 4080 16160 2 2
3600 16096 4080 16160 0 2
3600 16096 4080 16160 1 2
3800 2470 3880 3242 2 2
3800 2470 3880 3242 3 2
3800 2478 3880 3234 1 2
3800 2478 3880 3234 2 2
3800 2600 3880 3112 2 2
3800 2600 3880 3112 3 2
3800 2608 3880 3104 1 2
3800 2608 3880 3104 2 2
3800 2608 3880 3104 2 2
3800 2608 3880 3104 3 2
3800 2616 3880 3096 1 2
3800 2616 3880 3096 2 2
3800 7312 3880 10160 2 2
3800 7312 3880 10160 3 2
3800 7320 3880 10152 1 2
3800 7320 3880 10152 2 2
3800 15880 3880 16376 2 2
3800 15880 3880 16376 3 2
3800 15888 3880 16368 1 2
3800 15888 3880 16368 2 2
3800 15952 3880 21176 2 2
3800 15952 3880 21176 3 2
3800 15960 3880 21168 1 2
3800 15960 3880 21168 2 2
3808 7656 3872 9480 0 2
3808 7656 3872 9480 1 2
3808 10008 3872 11832 0 2
3808 10008 3872 11832 1 2
3808 14712 3872 16536 0 2
3808 14712 3872 16536 1 2
3672 2824 4648 2888 1 2
3672 2824 4648 2888 2 2
3672 2824 4648 2888 0 2
3672 2824 4648 2888 1 2
3672 16096 4168 16160 1 2
3672 16096 4168 16160 2 2
3672 16096 4168 16160 0 2
3672 16096 4168 16160 1 2
3760 5848 4560 5912 1 2
3760 5848 4560 5912 2 2
3760 5848 4560 5912 0 2
3760 5848 4560 5912 1 2
3760 9712 4560 9776 1 2
3760 9712 4560 9776 2 2
3760 9712 4560 9776 0 2
3760 9712 4560 9776 1 2
3760 12904 4560 12968 1 2
3760 12904 4560 12968 2 2
3760 12904 4560 12968 0 2
3760 12904 4560 12968 1 2
3760 14416 4560 14480 1 2
3760 14416 4560 14480 2 2
3760 14416 4560 14480 0 2
3760 14416 4560 14480 1 2
3760 16096 4560 16160 1 2
3760 16096 4560 16160 2 2
3760 16096 4560 16160 0 2
3760 16096 4560 16160 1 2
3760 16264 4240 16328 1 2
3760 16264 4240 16328 2 2
3760 16264 4240 16328 0 2
3760 16264 4240 16328 1 2
3960 7144 4040 9992 2 2
3960 7144 4040 9992 3 2
3960 7152 4040 9984 1 2
3960 7152 4040 9984 2 2
3960 16048 4040 16544 2 2
3960 16048 4040 16544 3 2
3960 16056 4040 16536 1 2
3960 16056 4040 16536 2 2
3960 16120 4040 22016 2 2
3960 16120 4040 22016 3 2
3960 16128 4040 22008 1 2
3960 16128 4040 22008 2 2
3968 5472 4032 6288 0 2
3968 5472 4032 6288 1 2
3968 6984 4032 7800 0 2
3968 6984 4032 7800 1 2
3968 7656 4032 9480 0 2
3968 7656 4032 9480 1 2
3968 9336 4032 10152 0 2
3968 9336 4032 10152 1 2
3968 10008 4032 11832 0 2
3968 10008 4032 11832 1 2
3968 12528 4032 13344 0 2
3968 12528 4032 13344 1 2
3968 14040 4032 14856 0 2
3968 14040 4032 14856 1 2
3968 14712 4032 16536 0 2
3968 14712 4032 16536 1 2
3870 9704 4450 9784 3 2
3870 9704 4450 9784 4 2
3870 9704 4450 9784 2 2
3870 9704 4450 9784 3 2
4120 8656 4200 11504 2 2
4120 8656 4200 11504 3 2
4120 8664 4200 11496 1 2
4120 8664 4200 11496 2 2
4120 9488 4200 10000 2 2
4120 9488 4200 10000 3 2
4120 9496 4200 9992 1 2
4120 9496 4200 9992 2 2
4120 12688 4200 16208 2 2
4120 12688 4200 16208 3 2
4120 12696 4200 16200 1 2
4120 12696 4200 16200 2 2
4128 7656 4192 9480 0 2
4128 7656 4192 9480 1 2
4128 10008 4192 11832 0 2
4128 10008 4192 11832 1 2
4128 14712 4192 16536 0 2
4128 14712 4192 16536 1 2
4080 4504 4560 4568 1 2
4080 4504 4560 4568 2 2
4080 4504 4560 4568 0 2
4080 4504 4560 4568 1 2
4280 4288 4360 4784 2 2
4280 4288 4360 4784 3 2
4280 4296 4360 4776 1 2
4280 4296 4360 4776 2 2
4280 4360 4360 21680 2 2
4280 4360 4360 21680 3 2
4280 4368 4360 21672 1 2
4280 4368 4360 21672 2 2
4288 5472 4352 6288 0 2
4288 5472 4352 6288 1 2
4288 6984 4352 7800 0 2
4288 6984 4352 7800 1 2
4288 7656 4352 9480 0 2
4288 7656 4352 9480 1 2
4288 9336 4352 10152 0 2
4288 9336 4352 10152 1 2
4288 10008 4352 11832 0 2
4288 10008 4352 11832 1 2
4288 12528 4352 13344 0 2
4288 12528 4352 13344 1 2
4288 14040 4352 14856 0 2
4288 14040 4352 14856 1 2
4288 14712 4352 16536 0 2
4288 14712 4352 16536 1 2
4152 4504 4648 4568 1 2
4152 4504 4648 4568 2 2
4152 4504 4648 4568 0 2
4152 4504 4648 4568 1 2
4152 14416 4808 14480 1 2
4152 14416 4808 14480 2 2
4152 14416 4808 14480 0 2
4152 14416 4808 14480 1 2
4240 1144 5040 1208 1 2
4240 1144 5040 1208 2 2
4240 1144 5040 1208 0 2
4240 1144 5040 1208 1 2
4240 2824 5040 2888 1 2
4240 2824 5040 2888 2 2
4240 2824 5040 2888 0 2
4240 2824 5040 2888 1 2
4240 4504 5040 4568 1 2
4240 4504 5040 4568 2 2
4240 4504 5040 4568 0 2
4240 4504 5040 4568 1 2
4240 4672 4720 4736 1 2
4240 4672 4720 4736 2 2
4240 4672 4720 4736 0 2
4240 4672 4720 4736 1 2
4440 4456 4520 4952 2 2
4440 4456 4520 4952 3 2
4440 4464 4520 4944 1 2
4440 4464 4520 4944 2 2
4440 4528 4520 21512 2 2
4440 4528 4520 21512 3 2
4440 4536 4520 21504 1 2
4440 4536 4520 21504 2 2
4448 7656 4512 9480 0 2
4448 7656 4512 9480 1 2
4448 10008 4512 11832 0 2
4448 10008 4512 11832 1 2
4448 14712 4512 16536 0 2
4448 14712 4512 16536 1 2
4400 4336 5200 4400 1 2
4400 4336 5200 4400 2 2
4400 4336 5200 4400 0 2
4400 4336 5200 4400 1 2
4400 14416 4880 14480 1 2
4400 14416 4880 14480 2 2
4400 14416 4880 14480 0 2
4400 14416 4880 14480 1 2
4608 2952 4672 4776 0 2
4608 2952 4672 4776 1 2
4608 14208 4672 14688 0 2
4608 14208 4672 14688 1 2
4608 14280 4672 19320 0 2
4608 14280 4672 19320 1 2
4768 768 4832 1584 0 2
4768 768 4832 1584 1 2
4768 2280 4832 3096 0 2
4768 2280 4832 3096 1 2
4768 2952 4832 4776 0 2
4768 2952 4832 4776 1 2
4928 2952 4992 4776 0 2
4928 2952 4992 4776 1 2
