960 4200 1280 4536 0 2
1120 1008 1440 1344 0 2
1120 2688 1440 3024 0 2
1120 4368 1440 4704 0 2
1280 4200 1600 4536 0 2
2080 2688 2400 3024 0 2
2080 4368 2400 4704 0 2
2240 4032 2560 4368 0 2
2400 1008 2720 1344 0 2
2400 2688 2720 3024 0 2
2400 4368 2720 4704 0 2
2560 4032 2880 4368 0 2
2720 1008 3040 1344 0 2
2720 2688 3040 3024 0 2
2720 4200 3040 4536 0 2
2880 4032 3200 4368 0 2
3040 1008 3360 1344 0 2
3040 2688 3360 3024 0 2
3040 4200 3360 4536 0 2
3200 4032 3520 4368 0 2
3360 1008 3680 1344 0 2
3360 2688 3680 3024 0 2
3360 4368 3680 4704 0 2
3520 4032 3840 4368 0 2
4480 4200 4800 4536 0 2
4640 1008 4960 1344 0 2
4640 2688 4960 3024 0 2
4640 4368 4960 4704 0 2
4800 4200 5120 4536 0 2
2400 4224 2720 4512 1 2
2400 4392 2720 4680 1 2
2880 1032 3200 1320 1 2
2880 4056 3200 4344 1 2
