880 4336 1680 4400 1 2
880 4336 1680 4400 2 2
880 4336 1680 4400 0 2
880 4336 1680 4400 1 2
1088 2952 1152 4776 0 2
1088 2952 1152 4776 1 2
1040 1144 1840 1208 1 2
1040 1144 1840 1208 2 2
1040 1144 1840 1208 0 2
1040 1144 1840 1208 1 2
1040 4504 1840 4568 1 2
1040 4504 1840 4568 2 2
1040 4504 1840 4568 0 2
1040 4504 1840 4568 1 2
1248 768 1312 1584 0 2
1248 768 1312 1584 1 2
1248 2280 1312 3096 0 2
1248 2280 1312 3096 1 2
1248 2952 1312 4776 0 2
1248 2952 1312 4776 1 2
1408 2952 1472 4776 0 2
1408 2952 1472 4776 1 2
1272 4336 2728 4400 1 2
1272 4336 2728 4400 2 2
1272 4336 2728 4400 0 2
1272 4336 2728 4400 1 2
1432 4504 2408 4568 1 2
1432 4504 2408 4568 2 2
1432 4504 2408 4568 0 2
1432 4504 2408 4568 1 2
2000 2824 2480 2888 1 2
2000 2824 2480 2888 2 2
2000 2824 2480 2888 0 2
2000 2824 2480 2888 1 2
2000 4504 2480 4568 1 2
2000 4504 2480 4568 2 2
2000 4504 2480 4568 0 2
2000 4504 2480 4568 1 2
2208 2616 2272 3096 0 2
2208 2616 2272 3096 1 2
2208 2688 2272 4704 0 2
2208 2688 2272 4704 1 2
2208 4296 2272 4776 0 2
2208 4296 2272 4776 1 2
2072 2824 2728 2888 1 2
2072 2824 2728 2888 2 2
2072 2824 2728 2888 0 2
2072 2824 2728 2888 1 2
2160 4168 3920 4232 1 2
2160 4168 3920 4232 2 2
2160 4168 3920 4232 0 2
2160 4168 3920 4232 1 2
2368 2952 2432 4776 0 2
2368 2952 2432 4776 1 2
2320 1144 3760 1208 1 2
2320 1144 3760 1208 2 2
2320 1144 3760 1208 0 2
2320 1144 3760 1208 1 2
2320 2824 3760 2888 1 2
2320 2824 3760 2888 2 2
2320 2824 3760 2888 0 2
2320 2824 3760 2888 1 2
2320 4336 2800 4400 1 2
2320 4336 2800 4400 2 2
2320 4336 2800 4400 0 2
2320 4336 2800 4400 1 2
2320 4504 2800 4568 1 2
2320 4504 2800 4568 2 2
2320 4504 2800 4568 0 2
2320 4504 2800 4568 1 2
2520 4066 2600 4838 2 2
2520 4066 2600 4838 3 2
2520 4074 2600 4830 1 2
2520 4074 2600 4830 2 2
2520 4120 2600 4616 2 2
2520 4120 2600 4616 3 2
2520 4128 2600 4608 1 2
2520 4128 2600 4608 2 2
2520 4288 2600 4784 2 2
2520 4288 2600 4784 3 2
2520 4296 2600 4776 1 2
2520 4296 2600 4776 2 2
2528 768 2592 1584 0 2
2528 768 2592 1584 1 2
2528 2280 2592 3096 0 2
2528 2280 2592 3096 1 2
2528 2952 2592 4776 0 2
2528 2952 2592 4776 1 2
2688 2952 2752 4776 0 2
2688 2952 2752 4776 1 2
2640 4336 3440 4400 1 2
2640 4336 3440 4400 2 2
2640 4336 3440 4400 0 2
2640 4336 3440 4400 1 2
2848 768 2912 1584 0 2
2848 768 2912 1584 1 2
2848 2280 2912 3096 0 2
2848 2280 2912 3096 1 2
2848 2952 2912 4776 0 2
2848 2952 2912 4776 1 2
3000 928 3080 4448 2 2
3000 928 3080 4448 3 2
3000 936 3080 4440 1 2
3000 936 3080 4440 2 2
3008 2952 3072 4776 0 2
3008 2952 3072 4776 1 2
3168 768 3232 1584 0 2
3168 768 3232 1584 1 2
3168 2280 3232 3096 0 2
3168 2280 3232 3096 1 2
3168 2952 3232 4776 0 2
3168 2952 3232 4776 1 2
3032 4336 4808 4400 1 2
3032 4336 4808 4400 2 2
3032 4336 4808 4400 0 2
3032 4336 4808 4400 1 2
3328 2952 3392 4776 0 2
3328 2952 3392 4776 1 2
3488 768 3552 1584 0 2
3488 768 3552 1584 1 2
3488 2280 3552 3096 0 2
3488 2280 3552 3096 1 2
3488 2952 3552 4776 0 2
3488 2952 3552 4776 1 2
3648 2952 3712 4776 0 2
3648 2952 3712 4776 1 2
4240 1144 5040 1208 1 2
4240 1144 5040 1208 2 2
4240 1144 5040 1208 0 2
4240 1144 5040 1208 1 2
4240 4504 5040 4568 1 2
4240 4504 5040 4568 2 2
4240 4504 5040 4568 0 2
4240 4504 5040 4568 1 2
4400 4336 5200 4400 1 2
4400 4336 5200 4400 2 2
4400 4336 5200 4400 0 2
4400 4336 5200 4400 1 2
4608 2952 4672 4776 0 2
4608 2952 4672 4776 1 2
4768 768 4832 1584 0 2
4768 768 4832 1584 1 2
4768 2280 4832 3096 0 2
4768 2280 4832 3096 1 2
4768 2952 4832 4776 0 2
4768 2952 4832 4776 1 2
4928 2952 4992 4776 0 2
4928 2952 4992 4776 1 2
